,freq1,freq2,freq3,ngram
0,397969.0,133785.0,35091.0,dzdz
1,371788.0,671337.0,83014.0,strz
2,312231.0,153382.0,33673.0,mnnt
3,265994.0,133785.0,35091.0,szdz
4,216769.0,153382.0,33673.0,znnt
5,189496.0,418037.0,902026.0,twsz
6,189496.0,127131.0,83014.0,twrz
7,189496.0,246891.0,33673.0,twnt
8,116394.0,177549.0,35091.0,drdz
9,97948.0,418037.0,542864.0,swst
10,97948.0,187872.0,35091.0,swdz
11,93079.0,183515.0,83014.0,zdrz
12,92655.0,177549.0,35091.0,wrdz
13,80718.0,133785.0,35091.0,rzdz
14,70892.0,418037.0,902026.0,zwsz
15,70892.0,127131.0,83014.0,zwrz
16,70892.0,246891.0,33673.0,zwnt
17,57647.0,418037.0,902026.0,dwsz
18,57647.0,418037.0,542864.0,dwst
19,57647.0,187872.0,35091.0,dwdz
20,38278.0,153382.0,33673.0,dnnt
21,37690.0,133785.0,35091.0,wzdz
22,27801.0,671337.0,83014.0,wtrz
