,freq1,freq2,freq3,ngram
0,19135.0,22984.0,13616.0,scnd
1,19135.0,22984.0,8652.0,scns
2,19135.0,22984.0,2104.0,scnr
3,15713.0,17333.0,7854.0,smrk
4,15713.0,9665.0,6713.0,smsk
5,15713.0,35628.0,5644.0,smks
6,15713.0,35628.0,1649.0,smkm
7,15713.0,9665.0,1415.0,smsc
8,14731.0,36874.0,13050.0,kwtw
9,14731.0,36874.0,3896.0,kwtr
10,14731.0,41061.0,3626.0,kwzm
11,14731.0,41061.0,3427.0,kwzd
12,14731.0,41061.0,2850.0,kwzn
13,14731.0,41061.0,934.0,kwzt
14,13753.0,93176.0,13616.0,wknd
15,13753.0,93176.0,8652.0,wkns
16,13753.0,90504.0,2551.0,wkss
17,13753.0,93176.0,2104.0,wknr
18,13753.0,22290.0,1607.0,wkwn
19,6469.0,64379.0,6713.0,wnsk
20,6469.0,64379.0,1415.0,wnsc
21,6156.0,36089.0,6713.0,wdsk
22,6156.0,36089.0,1415.0,wdsc
23,5354.0,64379.0,6713.0,snsk
24,5354.0,64379.0,1415.0,snsc
25,3791.0,68271.0,7549.0,mrnk
26,3791.0,61170.0,6713.0,mrsk
27,3791.0,80439.0,5644.0,mrks
28,3791.0,80439.0,1649.0,mrkm
29,3791.0,61170.0,1415.0,mrsc
30,3088.0,93176.0,13616.0,tknd
31,3088.0,93176.0,8652.0,tkns
32,3088.0,90504.0,2551.0,tkss
33,3088.0,93176.0,2104.0,tknr
34,3088.0,22290.0,1607.0,tkwn
35,2613.0,22984.0,13616.0,tcnd
36,2613.0,22984.0,8652.0,tcns
37,2613.0,22984.0,2104.0,tcnr
38,2554.0,68271.0,7549.0,srnk
39,2554.0,61170.0,6713.0,srsk
40,2554.0,80439.0,5644.0,srks
41,2554.0,80439.0,1649.0,srkm
42,2554.0,61170.0,1415.0,srsc
43,2402.0,64854.0,9149.0,kndr
44,2402.0,64379.0,2551.0,knss
45,2402.0,64854.0,1018.0,knds
46,2120.0,68271.0,7549.0,nrnk
47,2120.0,61170.0,6713.0,nrsk
48,2120.0,80439.0,5644.0,nrks
49,2120.0,80439.0,1649.0,nrkm
50,2120.0,61170.0,1415.0,nrsc
51,1851.0,17333.0,15999.0,cmrt
52,1851.0,13270.0,13050.0,cmtw
53,1851.0,17333.0,9948.0,cmrw
54,1851.0,17333.0,4299.0,cmrd
55,1851.0,13270.0,3896.0,cmtr
56,1851.0,17333.0,3240.0,cmrm
57,1851.0,17333.0,2813.0,cmrs
58,1851.0,9665.0,2551.0,cmss
59,1739.0,17333.0,15999.0,kmrt
60,1739.0,13270.0,13050.0,kmtw
61,1739.0,17333.0,9948.0,kmrw
62,1739.0,17333.0,4299.0,kmrd
63,1739.0,13270.0,3896.0,kmtr
64,1739.0,17333.0,3240.0,kmrm
65,1739.0,17333.0,2813.0,kmrs
66,1739.0,9665.0,2551.0,kmss
67,1589.0,69336.0,7549.0,zsnk
