,freq1,freq2,freq3,ngram
0,1064.0,6.0,64.0,ćpśb
1,1064.0,1572.0,3.0,ćppk
2,680.0,85.0,578.0,kpff
3,680.0,133.0,548.0,kphł
4,680.0,6.0,523.0,kpśń
5,680.0,6.0,452.0,kpgh
6,680.0,85.0,50.0,kpfl
7,680.0,1572.0,48.0,kppp
8,680.0,1572.0,41.0,kppł
9,680.0,133.0,40.0,kphp
10,680.0,1572.0,27.0,kppń
11,680.0,133.0,25.0,kphg
12,680.0,6.0,9.0,kpśp
13,680.0,1572.0,8.0,kppl
14,680.0,85.0,6.0,kpfp
15,680.0,133.0,3.0,kphl
16,555.0,650.0,634.0,lśkg
17,555.0,650.0,593.0,lśkl
18,555.0,5.0,220.0,lśżb
19,555.0,1580.0,52.0,lśbł
20,555.0,650.0,38.0,lśkp
21,555.0,1580.0,38.0,lśbp
22,555.0,650.0,33.0,lśkh
23,555.0,1580.0,8.0,lśbć
24,555.0,1580.0,6.0,lśbl
25,497.0,2325.0,548.0,kghł
26,497.0,234.0,452.0,kggh
27,497.0,21.0,48.0,kgpp
28,497.0,21.0,41.0,kgpł
29,497.0,2325.0,40.0,kghp
30,497.0,5.0,31.0,kgxx
31,497.0,21.0,27.0,kgpń
32,497.0,2325.0,25.0,kghg
33,497.0,21.0,8.0,kgpl
34,497.0,2325.0,3.0,kghl
35,487.0,254.0,578.0,łbff
36,487.0,38.0,548.0,łbhł
37,487.0,100.0,523.0,łbśń
38,487.0,283.0,452.0,łbgh
39,487.0,2481.0,423.0,łbjf
40,487.0,2481.0,303.0,łbjl
41,487.0,254.0,50.0,łbfl
42,487.0,40.0,48.0,łbpp
43,487.0,40.0,41.0,łbpł
44,487.0,38.0,40.0,łbhp
45,487.0,40.0,27.0,łbpń
46,487.0,38.0,25.0,łbhg
47,487.0,2481.0,17.0,łbjp
48,487.0,100.0,9.0,łbśp
49,487.0,40.0,8.0,łbpl
50,487.0,254.0,6.0,łbfp
51,487.0,38.0,3.0,łbhl
52,311.0,208.0,401.0,lżłk
53,311.0,4.0,220.0,lżżb
54,311.0,6367.0,52.0,lżbł
55,311.0,6367.0,38.0,lżbp
56,311.0,6367.0,8.0,lżbć
57,311.0,6367.0,6.0,lżbl
58,311.0,29.0,3.0,lżpk
59,311.0,208.0,2.0,lżłb
60,175.0,8.0,401.0,żłłk
61,175.0,6204.0,220.0,żłżb
62,175.0,6.0,123.0,żłźb
63,175.0,66.0,64.0,żłśb
64,175.0,831.0,54.0,żłlb
65,175.0,6083.0,3.0,żłpk
66,175.0,8.0,2.0,żłłb
67,147.0,208.0,401.0,łżłk
68,147.0,4.0,220.0,łżżb
69,147.0,6367.0,52.0,łżbł
70,147.0,6367.0,38.0,łżbp
71,147.0,6367.0,8.0,łżbć
72,147.0,6367.0,6.0,łżbl
73,147.0,29.0,3.0,łżpk
74,147.0,208.0,2.0,łżłb
75,129.0,243.0,634.0,phkg
76,129.0,243.0,593.0,phkl
77,129.0,68.0,373.0,phjk
78,129.0,56.0,220.0,phżb
79,129.0,2988.0,64.0,phśb
80,129.0,4632.0,54.0,phlb
81,129.0,48.0,52.0,phbł
82,129.0,243.0,38.0,phkp
83,129.0,48.0,38.0,phbp
84,129.0,243.0,33.0,phkh
85,129.0,48.0,8.0,phbć
86,129.0,48.0,6.0,phbl
87,129.0,55.0,3.0,phpk
88,124.0,2.0,634.0,łgkg
89,124.0,2.0,593.0,łgkl
90,124.0,227.0,52.0,łgbł
91,124.0,2.0,38.0,łgkp
92,124.0,227.0,38.0,łgbp
93,124.0,2.0,33.0,łgkh
94,124.0,227.0,8.0,łgbć
95,124.0,227.0,6.0,łgbl
96,124.0,21.0,3.0,łgpk
97,69.0,254.0,578.0,gbff
98,69.0,38.0,548.0,gbhł
99,69.0,100.0,523.0,gbśń
100,69.0,283.0,452.0,gbgh
101,69.0,2481.0,423.0,gbjf
102,69.0,2481.0,303.0,gbjl
103,69.0,254.0,50.0,gbfl
104,69.0,40.0,48.0,gbpp
105,69.0,40.0,41.0,gbpł
106,69.0,38.0,40.0,gbhp
107,69.0,40.0,27.0,gbpń
108,69.0,38.0,25.0,gbhg
109,69.0,2481.0,17.0,gbjp
110,69.0,100.0,9.0,gbśp
111,69.0,40.0,8.0,gbpl
112,69.0,254.0,6.0,gbfp
113,69.0,38.0,3.0,gbhl
114,61.0,243.0,634.0,ghkg
115,61.0,243.0,593.0,ghkl
116,61.0,68.0,373.0,ghjk
117,61.0,56.0,220.0,ghżb
118,61.0,2988.0,64.0,ghśb
119,61.0,4632.0,54.0,ghlb
120,61.0,48.0,52.0,ghbł
121,61.0,243.0,38.0,ghkp
122,61.0,48.0,38.0,ghbp
123,61.0,243.0,33.0,ghkh
124,61.0,48.0,8.0,ghbć
125,61.0,48.0,6.0,ghbl
126,61.0,55.0,3.0,ghpk
127,57.0,6.0,578.0,łkff
128,57.0,165.0,548.0,łkhł
129,57.0,155.0,523.0,łkśń
130,57.0,641.0,452.0,łkgh
131,57.0,92.0,423.0,łkjf
132,57.0,92.0,303.0,łkjl
133,57.0,6.0,50.0,łkfl
134,57.0,942.0,48.0,łkpp
135,57.0,942.0,41.0,łkpł
136,57.0,165.0,40.0,łkhp
137,57.0,942.0,27.0,łkpń
138,57.0,165.0,25.0,łkhg
139,57.0,92.0,17.0,łkjp
140,57.0,155.0,9.0,łkśp
141,57.0,942.0,8.0,łkpl
142,57.0,6.0,6.0,łkfp
143,57.0,165.0,3.0,łkhl
144,46.0,6.0,578.0,pkff
145,46.0,165.0,548.0,pkhł
146,46.0,155.0,523.0,pkśń
147,46.0,641.0,452.0,pkgh
148,46.0,92.0,423.0,pkjf
149,46.0,92.0,303.0,pkjl
150,46.0,6.0,50.0,pkfl
151,46.0,942.0,48.0,pkpp
152,46.0,942.0,41.0,pkpł
153,46.0,165.0,40.0,pkhp
154,46.0,942.0,27.0,pkpń
155,46.0,165.0,25.0,pkhg
156,46.0,92.0,17.0,pkjp
157,46.0,155.0,9.0,pkśp
158,46.0,942.0,8.0,pkpl
159,46.0,6.0,6.0,pkfp
160,46.0,165.0,3.0,pkhl
161,38.0,4632.0,685.0,khlf
162,38.0,2988.0,523.0,khśń
163,38.0,25.0,452.0,khgh
164,38.0,68.0,423.0,khjf
165,38.0,68.0,303.0,khjl
166,38.0,4632.0,158.0,khlp
167,38.0,4632.0,98.0,khlg
168,38.0,55.0,48.0,khpp
169,38.0,55.0,41.0,khpł
170,38.0,4632.0,29.0,khlń
171,38.0,55.0,27.0,khpń
172,38.0,4632.0,19.0,khlż
173,38.0,68.0,17.0,khjp
174,38.0,2988.0,9.0,khśp
175,38.0,55.0,8.0,khpl
176,38.0,4632.0,4.0,khlx
177,38.0,4632.0,685.0,bhlf
178,38.0,2988.0,523.0,bhśń
179,38.0,25.0,452.0,bhgh
180,38.0,68.0,423.0,bhjf
181,38.0,68.0,303.0,bhjl
182,38.0,4632.0,158.0,bhlp
183,38.0,4632.0,98.0,bhlg
184,38.0,55.0,48.0,bhpp
185,38.0,55.0,41.0,bhpł
186,38.0,4632.0,29.0,bhlń
187,38.0,55.0,27.0,bhpń
188,38.0,4632.0,19.0,bhlż
189,38.0,68.0,17.0,bhjp
190,38.0,2988.0,9.0,bhśp
191,38.0,55.0,8.0,bhpl
192,38.0,4632.0,4.0,bhlx
193,38.0,85.0,578.0,bpff
194,38.0,133.0,548.0,bphł
195,38.0,6.0,523.0,bpśń
196,38.0,6.0,452.0,bpgh
197,38.0,85.0,50.0,bpfl
198,38.0,1572.0,48.0,bppp
199,38.0,1572.0,41.0,bppł
200,38.0,133.0,40.0,bphp
201,38.0,1572.0,27.0,bppń
202,38.0,133.0,25.0,bphg
203,38.0,6.0,9.0,bpśp
204,38.0,1572.0,8.0,bppl
205,38.0,85.0,6.0,bpfp
206,38.0,133.0,3.0,bphl
207,35.0,6.0,64.0,ppśb
208,35.0,1572.0,3.0,pppk
209,33.0,2.0,634.0,lgkg
210,33.0,2.0,593.0,lgkl
211,33.0,227.0,52.0,lgbł
212,33.0,2.0,38.0,lgkp
213,33.0,227.0,38.0,lgbp
214,33.0,2.0,33.0,lgkh
215,33.0,227.0,8.0,lgbć
216,33.0,227.0,6.0,lgbl
217,33.0,21.0,3.0,lgpk
218,31.0,3.0,634.0,xxkg
219,31.0,3.0,593.0,xxkl
220,31.0,22.0,54.0,xxlb
221,31.0,3.0,38.0,xxkp
222,31.0,3.0,33.0,xxkh
223,31.0,216.0,3.0,xxpk
224,25.0,2.0,634.0,hgkg
225,25.0,2.0,593.0,hgkl
226,25.0,227.0,52.0,hgbł
227,25.0,2.0,38.0,hgkp
228,25.0,227.0,38.0,hgbp
229,25.0,2.0,33.0,hgkh
230,25.0,227.0,8.0,hgbć
231,25.0,227.0,6.0,hgbl
232,25.0,21.0,3.0,hgpk
233,19.0,826.0,634.0,pfkg
234,19.0,826.0,593.0,pfkl
235,19.0,8156.0,54.0,pflb
236,19.0,826.0,38.0,pfkp
237,19.0,826.0,33.0,pfkh
238,19.0,6.0,3.0,pfpk
239,15.0,826.0,634.0,ffkg
240,15.0,826.0,593.0,ffkl
241,15.0,8156.0,54.0,fflb
242,15.0,826.0,38.0,ffkp
243,15.0,826.0,33.0,ffkh
244,15.0,6.0,3.0,ffpk
245,15.0,2.0,54.0,vvlb
246,9.0,1001.0,452.0,bźgh
247,8.0,243.0,634.0,vhkg
248,8.0,243.0,593.0,vhkl
249,8.0,68.0,373.0,vhjk
250,8.0,56.0,220.0,vhżb
251,8.0,2988.0,64.0,vhśb
252,8.0,4632.0,54.0,vhlb
253,8.0,48.0,52.0,vhbł
254,8.0,243.0,38.0,vhkp
255,8.0,48.0,38.0,vhbp
256,8.0,243.0,33.0,vhkh
257,8.0,48.0,8.0,vhbć
258,8.0,48.0,6.0,vhbl
259,8.0,55.0,3.0,vhpk
260,7.0,243.0,634.0,lhkg
261,7.0,243.0,593.0,lhkl
262,7.0,68.0,373.0,lhjk
263,7.0,56.0,220.0,lhżb
264,7.0,2988.0,64.0,lhśb
265,7.0,4632.0,54.0,lhlb
266,7.0,48.0,52.0,lhbł
267,7.0,243.0,38.0,lhkp
268,7.0,48.0,38.0,lhbp
269,7.0,243.0,33.0,lhkh
270,7.0,48.0,8.0,lhbć
271,7.0,48.0,6.0,lhbl
272,7.0,55.0,3.0,lhpk
273,6.0,6.0,64.0,fpśb
274,6.0,1572.0,3.0,fppk
275,5.0,3.0,634.0,gxkg
276,5.0,3.0,593.0,gxkl
277,5.0,22.0,54.0,gxlb
278,5.0,3.0,38.0,gxkp
279,5.0,3.0,33.0,gxkh
280,5.0,216.0,3.0,gxpk
281,4.0,3.0,634.0,lxkg
282,4.0,3.0,593.0,lxkl
283,4.0,22.0,54.0,lxlb
284,4.0,3.0,38.0,lxkp
285,4.0,3.0,33.0,lxkh
286,4.0,216.0,3.0,lxpk
287,4.0,6.0,64.0,hpśb
288,4.0,1572.0,3.0,hppk
289,3.0,1135.0,220.0,hlżb
290,3.0,997.0,64.0,hlśb
291,3.0,788.0,3.0,hlpk
292,3.0,6.0,578.0,xkff
293,3.0,165.0,548.0,xkhł
294,3.0,155.0,523.0,xkśń
295,3.0,641.0,452.0,xkgh
296,3.0,92.0,423.0,xkjf
297,3.0,92.0,303.0,xkjl
298,3.0,6.0,50.0,xkfl
299,3.0,942.0,48.0,xkpp
300,3.0,942.0,41.0,xkpł
301,3.0,165.0,40.0,xkhp
302,3.0,942.0,27.0,xkpń
303,3.0,165.0,25.0,xkhg
304,3.0,92.0,17.0,xkjp
305,3.0,155.0,9.0,xkśp
306,3.0,942.0,8.0,xkpl
307,3.0,6.0,6.0,xkfp
308,3.0,165.0,3.0,xkhl
309,2.0,254.0,578.0,żbff
310,2.0,38.0,548.0,żbhł
311,2.0,100.0,523.0,żbśń
312,2.0,283.0,452.0,żbgh
313,2.0,2481.0,423.0,żbjf
314,2.0,2481.0,303.0,żbjl
315,2.0,254.0,50.0,żbfl
316,2.0,40.0,48.0,żbpp
317,2.0,40.0,41.0,żbpł
318,2.0,38.0,40.0,żbhp
319,2.0,40.0,27.0,żbpń
320,2.0,38.0,25.0,żbhg
321,2.0,2481.0,17.0,żbjp
322,2.0,100.0,9.0,żbśp
323,2.0,40.0,8.0,żbpl
324,2.0,254.0,6.0,żbfp
325,2.0,38.0,3.0,żbhl
