,freq1,freq2,freq3,ngram
0,1206.0,503.0,615.0,mmww
1,1206.0,5624.0,327.0,mmmw
2,1206.0,503.0,313.0,mmws
3,1206.0,5624.0,245.0,mmmn
4,1206.0,503.0,124.0,mmwr
5,1206.0,1825.0,107.0,mmdm
6,1206.0,503.0,70.0,mmwd
7,1206.0,5624.0,19.0,mmms
8,1206.0,503.0,3.0,mmwt
9,1206.0,1825.0,2.0,mmdn
10,1048.0,4746.0,608.0,ssrn
11,1048.0,5941.0,132.0,sssm
12,1048.0,271.0,107.0,ssdm
13,1048.0,4746.0,55.0,ssrr
14,1048.0,271.0,2.0,ssdn
15,927.0,503.0,615.0,wmww
16,927.0,5624.0,327.0,wmmw
17,927.0,503.0,313.0,wmws
18,927.0,5624.0,245.0,wmmn
19,927.0,503.0,124.0,wmwr
20,927.0,1825.0,107.0,wmdm
21,927.0,503.0,70.0,wmwd
22,927.0,5624.0,19.0,wmms
23,927.0,503.0,3.0,wmwt
24,927.0,1825.0,2.0,wmdn
25,755.0,4389.0,650.0,rdtm
26,755.0,4389.0,336.0,rdtd
27,755.0,4389.0,246.0,rdtt
28,755.0,4389.0,42.0,rdtz
29,755.0,4389.0,4.0,rdts
30,647.0,1292.0,615.0,wwww
31,647.0,3178.0,327.0,wwmw
32,647.0,1292.0,313.0,wwws
33,647.0,3178.0,245.0,wwmn
34,647.0,1292.0,124.0,wwwr
35,647.0,1292.0,70.0,wwwd
36,647.0,3178.0,19.0,wwms
37,647.0,1292.0,3.0,wwwt
38,604.0,503.0,615.0,dmww
39,604.0,5624.0,327.0,dmmw
40,604.0,503.0,313.0,dmws
41,604.0,5624.0,245.0,dmmn
42,604.0,503.0,124.0,dmwr
43,604.0,1825.0,107.0,dmdm
44,604.0,503.0,70.0,dmwd
45,604.0,5624.0,19.0,dmms
46,604.0,503.0,3.0,dmwt
47,604.0,1825.0,2.0,dmdn
48,571.0,4389.0,650.0,mdtm
49,571.0,4389.0,336.0,mdtd
50,571.0,4389.0,246.0,mdtt
51,571.0,4389.0,42.0,mdtz
52,571.0,4389.0,4.0,mdts
53,548.0,4746.0,608.0,msrn
54,548.0,5941.0,132.0,mssm
55,548.0,271.0,107.0,msdm
56,548.0,4746.0,55.0,msrr
57,548.0,271.0,2.0,msdn
58,504.0,3760.0,342.0,tzzz
59,504.0,3760.0,269.0,tzzw
60,504.0,9205.0,132.0,tzsm
61,488.0,3760.0,342.0,zzzz
62,488.0,3760.0,269.0,zzzw
63,488.0,9205.0,132.0,zzsm
64,431.0,4746.0,608.0,dsrn
65,431.0,5941.0,132.0,dssm
66,431.0,271.0,107.0,dsdm
67,431.0,4746.0,55.0,dsrr
68,431.0,271.0,2.0,dsdn
69,352.0,4026.0,615.0,tnww
70,352.0,5148.0,608.0,tnrn
71,352.0,2251.0,342.0,tnzz
72,352.0,4.0,327.0,tnmw
73,352.0,4026.0,313.0,tnws
74,352.0,2251.0,269.0,tnzw
75,352.0,4.0,245.0,tnmn
76,352.0,4026.0,124.0,tnwr
77,352.0,4026.0,70.0,tnwd
78,352.0,5148.0,55.0,tnrr
79,352.0,4.0,19.0,tnms
80,352.0,4026.0,3.0,tnwt
81,262.0,4746.0,608.0,tsrn
82,262.0,5941.0,132.0,tssm
83,262.0,271.0,107.0,tsdm
84,262.0,4746.0,55.0,tsrr
85,262.0,271.0,2.0,tsdn
86,219.0,1292.0,615.0,rwww
87,219.0,3178.0,327.0,rwmw
88,219.0,1292.0,313.0,rwws
89,219.0,3178.0,245.0,rwmn
90,219.0,1292.0,124.0,rwwr
91,219.0,1292.0,70.0,rwwd
92,219.0,3178.0,19.0,rwms
93,219.0,1292.0,3.0,rwwt
94,176.0,2247.0,650.0,rttm
95,176.0,581.0,342.0,rtzz
96,176.0,2247.0,336.0,rttd
97,176.0,3576.0,327.0,rtmw
98,176.0,581.0,269.0,rtzw
99,176.0,2247.0,246.0,rttt
100,176.0,3576.0,245.0,rtmn
101,176.0,2714.0,132.0,rtsm
102,176.0,344.0,107.0,rtdm
103,176.0,2247.0,42.0,rttz
104,176.0,3576.0,19.0,rtms
105,176.0,2247.0,4.0,rtts
106,176.0,344.0,2.0,rtdn
107,5.0,4746.0,608.0,rsrn
108,5.0,5941.0,132.0,rssm
109,5.0,271.0,107.0,rsdm
110,5.0,4746.0,55.0,rsrr
111,5.0,271.0,2.0,rsdn
112,5.0,4389.0,650.0,ndtm
113,5.0,4389.0,336.0,ndtd
114,5.0,4389.0,246.0,ndtt
115,5.0,4389.0,42.0,ndtz
116,5.0,4389.0,4.0,ndts
117,4.0,7721.0,608.0,rrrn
118,4.0,7721.0,55.0,rrrr
119,2.0,503.0,615.0,tmww
120,2.0,5624.0,327.0,tmmw
121,2.0,503.0,313.0,tmws
122,2.0,5624.0,245.0,tmmn
123,2.0,503.0,124.0,tmwr
124,2.0,1825.0,107.0,tmdm
125,2.0,503.0,70.0,tmwd
126,2.0,5624.0,19.0,tmms
127,2.0,503.0,3.0,tmwt
128,2.0,1825.0,2.0,tmdn
