,freq1,freq2,freq3,ngram
0,15713.0,17333.0,15999.0,smrt
1,15713.0,13270.0,13050.0,smtw
2,15713.0,17333.0,9948.0,smrw
3,15713.0,17333.0,4299.0,smrd
4,15713.0,13270.0,3896.0,smtr
5,15713.0,17333.0,3240.0,smrm
6,15713.0,17333.0,2813.0,smrs
7,15713.0,9665.0,2551.0,smss
8,6469.0,64854.0,9149.0,wndr
9,6469.0,64379.0,2551.0,wnss
10,6469.0,64854.0,1018.0,wnds
11,6156.0,36409.0,9149.0,wddr
12,6156.0,14305.0,4136.0,wdmm
13,6156.0,36089.0,2551.0,wdss
14,6156.0,98653.0,1607.0,wdwn
15,6156.0,36409.0,1018.0,wdds
16,5354.0,64854.0,9149.0,sndr
17,5354.0,64379.0,2551.0,snss
18,5354.0,64854.0,1018.0,snds
19,3791.0,68271.0,13616.0,mrnd
20,3791.0,68271.0,8652.0,mrns
21,3791.0,60265.0,4136.0,mrmm
22,3791.0,61170.0,2551.0,mrss
23,3791.0,68271.0,2104.0,mrnr
24,2554.0,68271.0,13616.0,srnd
25,2554.0,68271.0,8652.0,srns
26,2554.0,60265.0,4136.0,srmm
27,2554.0,61170.0,2551.0,srss
28,2554.0,68271.0,2104.0,srnr
29,2120.0,68271.0,13616.0,nrnd
30,2120.0,68271.0,8652.0,nrns
31,2120.0,60265.0,4136.0,nrmm
32,2120.0,61170.0,2551.0,nrss
33,2120.0,68271.0,2104.0,nrnr
34,1589.0,69336.0,13616.0,zsnd
35,1589.0,69336.0,8652.0,zsns
36,1589.0,27158.0,4136.0,zsmm
37,1589.0,69336.0,2104.0,zsnr
38,1589.0,98874.0,1607.0,zswn
