,freq1,freq2,freq3,ngram
0,24560.0,68271.0,13616.0,arnd
1,24560.0,68271.0,8652.0,arns
2,24560.0,60265.0,4136.0,armm
3,24560.0,61170.0,2551.0,arss
4,24560.0,68271.0,2104.0,arnr
5,21910.0,37562.0,15999.0,ryrt
6,21910.0,37562.0,9948.0,ryrw
7,21910.0,97758.0,9149.0,rydr
8,21910.0,37562.0,4299.0,ryrd
9,21910.0,56267.0,3626.0,ryzm
10,21910.0,56267.0,3427.0,ryzd
11,21910.0,37562.0,3240.0,ryrm
12,21910.0,56267.0,2850.0,ryzn
13,21910.0,37562.0,2813.0,ryrs
14,21910.0,97758.0,1018.0,ryds
15,21910.0,56267.0,934.0,ryzt
16,17555.0,37562.0,15999.0,dyrt
17,17555.0,37562.0,9948.0,dyrw
18,17555.0,97758.0,9149.0,dydr
19,17555.0,37562.0,4299.0,dyrd
20,17555.0,56267.0,3626.0,dyzm
21,17555.0,56267.0,3427.0,dyzd
22,17555.0,37562.0,3240.0,dyrm
23,17555.0,56267.0,2850.0,dyzn
24,17555.0,37562.0,2813.0,dyrs
25,17555.0,97758.0,1018.0,dyds
26,17555.0,56267.0,934.0,dyzt
27,17439.0,68271.0,13616.0,ornd
28,17439.0,68271.0,8652.0,orns
29,17439.0,60265.0,4136.0,ormm
30,17439.0,61170.0,2551.0,orss
31,17439.0,68271.0,2104.0,ornr
32,16606.0,17333.0,15999.0,amrt
33,16606.0,13270.0,13050.0,amtw
34,16606.0,17333.0,9948.0,amrw
35,16606.0,17333.0,4299.0,amrd
36,16606.0,13270.0,3896.0,amtr
37,16606.0,17333.0,3240.0,amrm
38,16606.0,17333.0,2813.0,amrs
39,16606.0,9665.0,2551.0,amss
40,15713.0,9665.0,1922.0,smso
41,10608.0,36874.0,13050.0,owtw
42,10608.0,36874.0,3896.0,owtr
43,10608.0,41061.0,3626.0,owzm
44,10608.0,41061.0,3427.0,owzd
45,10608.0,41061.0,2850.0,owzn
46,10608.0,41061.0,934.0,owzt
47,10490.0,61112.0,13050.0,oztw
48,10490.0,61112.0,3896.0,oztr
49,9977.0,36409.0,9149.0,addr
50,9977.0,14305.0,4136.0,admm
51,9977.0,36089.0,2551.0,adss
52,9977.0,98653.0,1607.0,adwn
53,9977.0,36409.0,1018.0,adds
54,6469.0,64379.0,1922.0,wnso
55,6156.0,36089.0,1922.0,wdso
56,5970.0,69336.0,13616.0,asnd
57,5970.0,69336.0,8652.0,asns
58,5970.0,27158.0,4136.0,asmm
59,5970.0,69336.0,2104.0,asnr
60,5970.0,98874.0,1607.0,aswn
61,5354.0,64379.0,1922.0,snso
62,4769.0,17333.0,15999.0,omrt
63,4769.0,13270.0,13050.0,omtw
64,4769.0,17333.0,9948.0,omrw
65,4769.0,17333.0,4299.0,omrd
66,4769.0,13270.0,3896.0,omtr
67,4769.0,17333.0,3240.0,omrm
68,4769.0,17333.0,2813.0,omrs
69,4769.0,9665.0,2551.0,omss
70,3791.0,61170.0,1922.0,mrso
71,3134.0,36874.0,13050.0,awtw
72,3134.0,36874.0,3896.0,awtr
73,3134.0,41061.0,3626.0,awzm
74,3134.0,41061.0,3427.0,awzd
75,3134.0,41061.0,2850.0,awzn
76,3134.0,41061.0,934.0,awzt
77,2597.0,37562.0,15999.0,zyrt
78,2597.0,37562.0,9948.0,zyrw
79,2597.0,97758.0,9149.0,zydr
80,2597.0,37562.0,4299.0,zyrd
81,2597.0,56267.0,3626.0,zyzm
82,2597.0,56267.0,3427.0,zyzd
83,2597.0,37562.0,3240.0,zyrm
84,2597.0,56267.0,2850.0,zyzn
85,2597.0,37562.0,2813.0,zyrs
86,2597.0,97758.0,1018.0,zyds
87,2597.0,56267.0,934.0,zyzt
88,2554.0,61170.0,1922.0,srso
89,2120.0,61170.0,1922.0,nrso
