,freq1,freq2,freq3,ngram
0,1206.0,1825.0,580.0,mmdi
1,1123.0,4389.0,650.0,edtm
2,1123.0,4389.0,336.0,edtd
3,1123.0,4389.0,246.0,edtt
4,1123.0,4389.0,42.0,edtz
5,1123.0,4389.0,4.0,edts
6,1048.0,271.0,580.0,ssdi
7,927.0,1825.0,580.0,wmdi
8,755.0,4389.0,669.0,rdti
9,604.0,1825.0,580.0,dmdi
10,577.0,2247.0,650.0,ittm
11,577.0,581.0,342.0,itzz
12,577.0,2247.0,336.0,ittd
13,577.0,3576.0,327.0,itmw
14,577.0,581.0,269.0,itzw
15,577.0,2247.0,246.0,ittt
16,577.0,3576.0,245.0,itmn
17,577.0,2714.0,132.0,itsm
18,577.0,344.0,107.0,itdm
19,577.0,2247.0,42.0,ittz
20,577.0,3576.0,19.0,itms
21,577.0,2247.0,4.0,itts
22,577.0,344.0,2.0,itdn
23,571.0,4389.0,669.0,mdti
24,548.0,271.0,580.0,msdi
25,431.0,271.0,580.0,dsdi
26,361.0,1292.0,615.0,iwww
27,361.0,3178.0,327.0,iwmw
28,361.0,1292.0,313.0,iwws
29,361.0,3178.0,245.0,iwmn
30,361.0,1292.0,124.0,iwwr
31,361.0,1292.0,70.0,iwwd
32,361.0,3178.0,19.0,iwms
33,361.0,1292.0,3.0,iwwt
34,262.0,271.0,580.0,tsdi
35,176.0,2247.0,669.0,rtti
36,176.0,344.0,580.0,rtdi
37,50.0,1177.0,124.0,mkyz
38,50.0,1177.0,24.0,mkyr
39,48.0,3760.0,342.0,ezzz
40,48.0,3760.0,269.0,ezzw
41,48.0,9205.0,132.0,ezsm
42,5.0,271.0,580.0,rsdi
43,5.0,1177.0,124.0,dkyz
44,5.0,1177.0,24.0,dkyr
45,5.0,4389.0,669.0,ndti
46,4.0,4389.0,52.0,ydtc
47,2.0,1825.0,580.0,tmdi
