,freq1,freq2,freq3,ngram
0,2193979.0,463174.0,542864.0,nist
1,2193979.0,224263.0,35091.0,nidz
2,1321564.0,869646.0,64449.0,nacz
3,1264006.0,483797.0,64449.0,tocz
4,1081769.0,463174.0,902026.0,sisz
5,1081769.0,224263.0,35091.0,sidz
6,1034417.0,483797.0,64449.0,docz
7,1033076.0,869646.0,64449.0,zacz
8,1033076.0,1266036.0,40250.0,zakt
9,804304.0,463174.0,542864.0,wist
10,804304.0,472149.0,33673.0,wint
11,753994.0,1266036.0,40250.0,takt
12,696927.0,1266036.0,40250.0,makt
13,688088.0,388581.0,40250.0,mokt
14,678651.0,788969.0,542864.0,cost
15,678651.0,540021.0,83014.0,corz
16,678651.0,751042.0,33673.0,cont
17,628545.0,1649833.0,782447.0,czam
18,628545.0,160214.0,681363.0,czmy
19,628545.0,133785.0,429474.0,czdo
20,628545.0,133785.0,292153.0,czdy
21,628545.0,160214.0,187885.0,czma
22,628545.0,231068.0,180214.0,czwa
23,628545.0,191145.0,173956.0,czry
24,628545.0,1649833.0,147245.0,czan
25,628545.0,406901.0,131942.0,czod
26,628545.0,406901.0,125465.0,czon
27,628545.0,1649833.0,73828.0,czat
28,628545.0,1649833.0,47206.0,czad
29,628545.0,160214.0,43091.0,czmo
30,628545.0,1776528.0,25255.0,czyt
31,628545.0,1649833.0,21686.0,czaw
32,618105.0,463174.0,902026.0,misz
33,618105.0,224263.0,35091.0,midz
34,618105.0,472149.0,33673.0,mint
35,582317.0,1695175.0,542864.0,test
36,582317.0,759181.0,35091.0,tedz
37,582317.0,750413.0,33673.0,tent
38,564654.0,169304.0,40250.0,wykt
39,559686.0,169304.0,40250.0,tykt
40,397969.0,1649833.0,771192.0,dzak
41,397969.0,160214.0,430058.0,dzmi
42,397969.0,163539.0,390799.0,dzko
43,397969.0,163539.0,286794.0,dzka
44,397969.0,493756.0,248028.0,dzni
45,397969.0,1684695.0,211889.0,dzim
46,397969.0,228686.0,166236.0,dzcy
47,397969.0,2002324.0,112195.0,dzez
48,397969.0,231068.0,87035.0,dzwi
49,397969.0,2002324.0,79435.0,dzet
50,397969.0,2002324.0,53346.0,dzer
51,397969.0,2002324.0,31871.0,dzed
52,397969.0,1684695.0,22749.0,dzin
53,390492.0,788969.0,542864.0,kost
54,390492.0,540021.0,83014.0,korz
55,390492.0,751042.0,33673.0,kont
56,375700.0,388581.0,40250.0,rokt
57,371788.0,1755543.0,771192.0,stak
58,371788.0,155526.0,290227.0,stne
59,371788.0,155526.0,248028.0,stni
60,371788.0,1254372.0,156491.0,sten
61,371788.0,380064.0,87035.0,stwi
62,371788.0,380064.0,83380.0,stwe
63,371788.0,1254372.0,79435.0,stet
64,371788.0,1691792.0,54048.0,stok
65,371788.0,671337.0,49332.0,stre
66,371788.0,1691792.0,30776.0,stoc
67,312231.0,574422.0,1096175.0,mnem
68,312231.0,122944.0,390799.0,mnko
69,312231.0,122944.0,286794.0,mnka
70,312231.0,4558044.0,211889.0,mnim
71,312231.0,574422.0,112195.0,mnez
72,312231.0,190027.0,76359.0,mnte
73,312231.0,574422.0,53346.0,mner
74,312231.0,531357.0,30776.0,mnoc
75,311540.0,141412.0,1096175.0,wsem
76,311540.0,2444931.0,477280.0,wsze
77,311540.0,367212.0,286794.0,wska
78,311540.0,141412.0,156491.0,wsen
79,311540.0,141412.0,112195.0,wsez
80,311540.0,2247155.0,76359.0,wste
81,311540.0,141412.0,53346.0,wser
82,311540.0,194134.0,30776.0,wsoc
83,311540.0,1471361.0,22749.0,wsin
84,265994.0,1649833.0,771192.0,szak
85,265994.0,160214.0,430058.0,szmi
86,265994.0,493756.0,290227.0,szne
87,265994.0,493756.0,248028.0,szni
88,265994.0,228686.0,166236.0,szcy
89,265994.0,2002324.0,156491.0,szen
90,265994.0,228686.0,91490.0,szca
91,265994.0,231068.0,83380.0,szwe
92,265994.0,2002324.0,79435.0,szet
93,265994.0,2002324.0,53346.0,szer
94,265994.0,2002324.0,31871.0,szed
95,265994.0,1684695.0,22749.0,szin
96,246642.0,1755543.0,782447.0,ktam
97,246642.0,839129.0,473939.0,ktym
98,246642.0,155526.0,204494.0,ktno
99,246642.0,671337.0,187406.0,ktra
100,246642.0,1755543.0,178059.0,ktaz
101,246642.0,1755543.0,151409.0,ktas
102,246642.0,1691792.0,131942.0,ktod
103,246642.0,1691792.0,125465.0,kton
104,246642.0,1755543.0,73828.0,ktat
105,246642.0,1755543.0,47206.0,ktad
106,246642.0,1691792.0,28315.0,ktor
107,246642.0,839129.0,25255.0,ktyt
108,246642.0,1755543.0,21686.0,ktaw
109,216769.0,574422.0,1096175.0,znem
110,216769.0,122944.0,390799.0,znko
111,216769.0,122944.0,286794.0,znka
112,216769.0,4558044.0,211889.0,znim
113,216769.0,574422.0,112195.0,znez
114,216769.0,190027.0,76359.0,znte
115,216769.0,574422.0,53346.0,zner
116,216769.0,531357.0,30776.0,znoc
117,216769.0,4558044.0,22749.0,znin
118,215729.0,1266036.0,40250.0,rakt
119,200649.0,1612629.0,771192.0,trak
120,200649.0,347123.0,156491.0,tren
121,200649.0,347123.0,112195.0,trez
122,200649.0,147614.0,83380.0,trwe
123,200649.0,135594.0,76359.0,trte
124,200649.0,1357531.0,54048.0,trok
125,200649.0,347123.0,31871.0,tred
126,191660.0,869646.0,64449.0,dacz
127,191660.0,1266036.0,40250.0,dakt
128,189496.0,1108947.0,771192.0,twak
129,189496.0,246891.0,290227.0,twne
130,189496.0,2164133.0,211889.0,twim
131,189496.0,290948.0,156491.0,twen
132,189496.0,137941.0,91490.0,twca
133,189496.0,593291.0,54048.0,twok
134,189496.0,127131.0,49332.0,twre
135,189496.0,290948.0,31871.0,twed
136,189496.0,593291.0,30776.0,twoc
137,189496.0,2164133.0,22749.0,twin
138,187603.0,483797.0,64449.0,nocz
139,180598.0,347123.0,1096175.0,zrem
140,180598.0,1971039.0,477280.0,zrze
141,180598.0,1971039.0,125306.0,zrzi
142,180598.0,147614.0,87035.0,zrwi
143,180598.0,347123.0,79435.0,zret
144,180598.0,1357531.0,54048.0,zrok
145,180598.0,347123.0,31871.0,zred
146,175881.0,483797.0,64449.0,zocz
147,171736.0,122944.0,40250.0,onkt
148,170458.0,169304.0,40250.0,mykt
149,165265.0,907462.0,542864.0,kast
150,165265.0,630857.0,35091.0,kadz
151,158307.0,869646.0,64449.0,wacz
152,152529.0,869646.0,64449.0,sacz
153,150634.0,379712.0,1287487.0,skto
154,150634.0,379712.0,276881.0,skty
155,150634.0,379712.0,180526.0,skta
156,150634.0,243572.0,173956.0,skry
157,150634.0,865695.0,151409.0,skas
158,150634.0,1165597.0,131942.0,skod
159,150634.0,865695.0,73828.0,skat
160,150634.0,243572.0,73263.0,skro
161,150634.0,865695.0,47206.0,skad
162,150634.0,1165597.0,28315.0,skor
163,150634.0,865695.0,20582.0,skar
164,129546.0,1695175.0,542864.0,zest
165,129546.0,859934.0,83014.0,zerz
166,129546.0,750413.0,33673.0,zent
167,116394.0,347123.0,1096175.0,drem
168,116394.0,1612629.0,771192.0,drak
169,116394.0,347123.0,156491.0,dren
170,116394.0,347123.0,112195.0,drez
171,116394.0,147614.0,87035.0,drwi
172,116394.0,347123.0,79435.0,dret
173,116394.0,1357531.0,54048.0,drok
174,116394.0,347123.0,31871.0,dred
175,112416.0,135594.0,1287487.0,krto
176,112416.0,1612629.0,782447.0,kram
177,112416.0,1971039.0,446089.0,krzy
178,112416.0,1971039.0,310617.0,krza
179,112416.0,135594.0,276881.0,krty
180,112416.0,147614.0,180214.0,krwa
181,112416.0,1612629.0,151409.0,kras
182,112416.0,177549.0,144519.0,krda
183,112416.0,1357531.0,131942.0,krod
184,112416.0,1357531.0,125465.0,kron
185,112416.0,1971039.0,81039.0,krzo
186,112416.0,1612629.0,47206.0,krad
187,112416.0,1357531.0,45305.0,krom
188,112416.0,363392.0,25255.0,kryt
189,112416.0,1612629.0,20582.0,krar
190,106531.0,483797.0,64449.0,socz
191,100538.0,243572.0,83014.0,okrz
192,97948.0,1108947.0,771192.0,swak
193,97948.0,246891.0,290227.0,swne
194,97948.0,2164133.0,211889.0,swim
195,97948.0,290948.0,156491.0,swen
196,97948.0,137941.0,91490.0,swca
197,97948.0,593291.0,54048.0,swok
198,97948.0,127131.0,49332.0,swre
199,97948.0,290948.0,31871.0,swed
200,97948.0,2164133.0,22749.0,swin
201,93079.0,648601.0,771192.0,zdak
202,93079.0,132179.0,390799.0,zdko
203,93079.0,132179.0,286794.0,zdka
204,93079.0,272065.0,156491.0,zden
205,93079.0,272065.0,112195.0,zdez
206,93079.0,272065.0,79435.0,zdet
207,93079.0,272065.0,53346.0,zder
208,93079.0,183515.0,49332.0,zdre
209,93079.0,1238523.0,30776.0,zdoc
210,92655.0,347123.0,1096175.0,wrem
211,92655.0,1971039.0,477280.0,wrze
212,92655.0,1971039.0,125306.0,wrzi
213,92655.0,147614.0,87035.0,wrwi
214,92655.0,347123.0,79435.0,wret
215,92655.0,1357531.0,54048.0,wrok
216,92655.0,347123.0,31871.0,wred
217,87161.0,907462.0,902026.0,casz
218,87161.0,772413.0,83014.0,carz
219,87161.0,1182688.0,33673.0,cant
220,84251.0,1695175.0,902026.0,wesz
221,84251.0,859934.0,83014.0,werz
222,84251.0,750413.0,33673.0,went
223,83629.0,388581.0,40250.0,wokt
224,82641.0,1695175.0,542864.0,sest
225,82641.0,859934.0,83014.0,serz
226,82641.0,750413.0,33673.0,sent
227,80718.0,1649833.0,771192.0,rzak
228,80718.0,160214.0,430058.0,rzmi
229,80718.0,493756.0,290227.0,rzne
230,80718.0,493756.0,248028.0,rzni
231,80718.0,228686.0,166236.0,rzcy
232,80718.0,2002324.0,112195.0,rzez
233,80718.0,231068.0,87035.0,rzwi
234,80718.0,2002324.0,79435.0,rzet
235,80718.0,2002324.0,53346.0,rzer
236,80718.0,2002324.0,31871.0,rzed
237,80718.0,1684695.0,22749.0,rzin
238,79084.0,325557.0,33673.0,idnt
239,70892.0,290948.0,1096175.0,zwem
240,70892.0,137941.0,548759.0,zwco
241,70892.0,246891.0,248028.0,zwni
242,70892.0,137941.0,166236.0,zwcy
243,70892.0,290948.0,112195.0,zwez
244,70892.0,290948.0,79435.0,zwet
245,70892.0,290948.0,53346.0,zwer
246,70892.0,418037.0,44827.0,zwsi
247,70892.0,593291.0,30776.0,zwoc
248,64956.0,140050.0,1096175.0,zmem
249,64956.0,990334.0,771192.0,zmak
250,64956.0,404468.0,248028.0,zmni
251,64956.0,1264325.0,211889.0,zmim
252,64956.0,140050.0,112195.0,zmez
253,64956.0,909154.0,54048.0,zmok
254,64956.0,140050.0,53346.0,zmer
255,64956.0,909154.0,30776.0,zmoc
256,63690.0,258700.0,782447.0,wcam
257,63690.0,1987683.0,446089.0,wczy
258,63690.0,258700.0,178059.0,wcaz
259,63690.0,258700.0,147245.0,wcan
260,63690.0,738549.0,125465.0,wcon
261,63690.0,258700.0,73828.0,wcat
262,63690.0,738549.0,45305.0,wcom
263,63690.0,237686.0,25255.0,wcyt
264,63690.0,258700.0,20582.0,wcar
265,61180.0,1695175.0,902026.0,resz
266,61180.0,1695175.0,542864.0,rest
267,61180.0,759181.0,35091.0,redz
268,57647.0,290948.0,1096175.0,dwem
269,57647.0,1108947.0,771192.0,dwak
270,57647.0,246891.0,290227.0,dwne
271,57647.0,2164133.0,211889.0,dwim
272,57647.0,290948.0,156491.0,dwen
273,57647.0,137941.0,91490.0,dwca
274,57647.0,593291.0,54048.0,dwok
275,57647.0,290948.0,53346.0,dwer
276,57647.0,418037.0,44827.0,dwsi
277,57647.0,593291.0,30776.0,dwoc
278,56462.0,404468.0,33673.0,imnt
279,53246.0,457480.0,64449.0,sycz
280,47632.0,1695175.0,902026.0,desz
281,47632.0,1695175.0,542864.0,dest
282,47632.0,859934.0,83014.0,derz
283,47632.0,750413.0,33673.0,dent
284,39938.0,122944.0,40250.0,ankt
285,39324.0,1695175.0,902026.0,mesz
286,39324.0,859934.0,83014.0,merz
287,39324.0,759181.0,35091.0,medz
288,38278.0,574422.0,1096175.0,dnem
289,38278.0,122944.0,390799.0,dnko
290,38278.0,122944.0,286794.0,dnka
291,38278.0,4558044.0,211889.0,dnim
292,38278.0,574422.0,112195.0,dnez
293,38278.0,190027.0,76359.0,dnte
294,38278.0,574422.0,53346.0,dner
295,38278.0,531357.0,30776.0,dnoc
296,37690.0,2002324.0,1096175.0,wzem
297,37690.0,1649833.0,771192.0,wzak
298,37690.0,160214.0,430058.0,wzmi
299,37690.0,493756.0,290227.0,wzne
300,37690.0,493756.0,248028.0,wzni
301,37690.0,228686.0,166236.0,wzcy
302,37690.0,2002324.0,112195.0,wzez
303,37690.0,231068.0,87035.0,wzwi
304,37690.0,2002324.0,79435.0,wzet
305,37690.0,2002324.0,53346.0,wzer
306,37690.0,2002324.0,31871.0,wzed
307,37690.0,1684695.0,22749.0,wzin
308,34551.0,463174.0,902026.0,zisz
309,34551.0,224263.0,35091.0,zidz
310,27801.0,1254372.0,1096175.0,wtem
311,27801.0,321295.0,390799.0,wtko
312,27801.0,321295.0,286794.0,wtka
313,27801.0,1254372.0,156491.0,wten
314,27801.0,380064.0,87035.0,wtwi
315,27801.0,1254372.0,79435.0,wtet
316,27801.0,1254372.0,53346.0,wter
317,27801.0,1254372.0,31871.0,wted
318,27801.0,1691792.0,30776.0,wtoc
319,26789.0,2247155.0,1287487.0,ksto
320,26789.0,127369.0,473939.0,ksym
321,26789.0,2444931.0,310617.0,ksza
322,26789.0,2247155.0,180526.0,ksta
323,26789.0,260517.0,151409.0,ksas
324,26789.0,260517.0,147245.0,ksan
325,26789.0,194134.0,125465.0,kson
326,26789.0,260517.0,73828.0,ksat
327,26789.0,194134.0,45305.0,ksom
328,26789.0,127369.0,25255.0,ksyt
329,26789.0,260517.0,20582.0,ksar
