,freq1,freq2,freq3,ngram
0,1321564.0,907462.0,542864.0,nast
1,1321564.0,630857.0,35091.0,nadz
2,1321564.0,1182688.0,33673.0,nant
3,1264006.0,788969.0,902026.0,tosz
4,1264006.0,540021.0,83014.0,torz
5,1264006.0,1075728.0,35091.0,todz
6,1034417.0,788969.0,902026.0,dosz
7,1034417.0,540021.0,83014.0,dorz
8,1034417.0,751042.0,33673.0,dont
9,1033076.0,907462.0,542864.0,zast
10,1033076.0,630857.0,35091.0,zadz
11,1033076.0,1182688.0,33673.0,zant
12,753994.0,907462.0,542864.0,tast
13,753994.0,630857.0,35091.0,tadz
14,753994.0,1182688.0,33673.0,tant
15,696927.0,907462.0,542864.0,mast
16,696927.0,630857.0,35091.0,madz
17,696927.0,1182688.0,33673.0,mant
18,688088.0,788969.0,542864.0,most
19,688088.0,1075728.0,35091.0,modz
20,564654.0,538802.0,902026.0,wysz
21,564654.0,246420.0,33673.0,wynt
22,559686.0,538802.0,542864.0,tyst
23,397969.0,493756.0,1018504.0,dzna
24,397969.0,160214.0,681363.0,dzmy
25,397969.0,1776528.0,473939.0,dzym
26,397969.0,493756.0,370045.0,dzny
27,397969.0,493756.0,204494.0,dzno
28,397969.0,191145.0,187406.0,dzra
29,397969.0,1649833.0,178059.0,dzaz
30,397969.0,1649833.0,151409.0,dzas
31,397969.0,133785.0,144519.0,dzda
32,397969.0,231068.0,126280.0,dzwy
33,397969.0,231068.0,81322.0,dzwo
34,397969.0,191145.0,73263.0,dzro
35,397969.0,406901.0,45305.0,dzom
36,397969.0,406901.0,28315.0,dzor
37,397969.0,1649833.0,21686.0,dzaw
38,375700.0,788969.0,902026.0,rosz
39,375700.0,788969.0,542864.0,rost
40,375700.0,540021.0,83014.0,rorz
41,375700.0,751042.0,33673.0,ront
42,371788.0,1755543.0,782447.0,stam
43,371788.0,155526.0,370045.0,stny
44,371788.0,155526.0,204494.0,stno
45,371788.0,380064.0,180214.0,stwa
46,371788.0,671337.0,173956.0,stry
47,371788.0,1755543.0,147245.0,stan
48,371788.0,380064.0,126280.0,stwy
49,371788.0,380064.0,81322.0,stwo
50,371788.0,671337.0,73263.0,stro
51,371788.0,1691792.0,45305.0,stom
52,371788.0,839129.0,25255.0,styt
53,371788.0,1755543.0,20582.0,star
54,337854.0,325557.0,33673.0,odnt
55,312231.0,153382.0,1018504.0,mnna
56,312231.0,2157143.0,782447.0,mnam
57,312231.0,153382.0,370045.0,mnny
58,312231.0,153382.0,204494.0,mnno
59,312231.0,2157143.0,178059.0,mnaz
60,312231.0,2157143.0,147245.0,mnan
61,312231.0,531357.0,125465.0,mnon
62,312231.0,2157143.0,73828.0,mnat
63,312231.0,2157143.0,47206.0,mnad
64,312231.0,531357.0,45305.0,mnom
65,312231.0,542898.0,25255.0,mnyt
66,312231.0,2157143.0,21686.0,mnaw
67,311540.0,2247155.0,1287487.0,wsto
68,311540.0,127369.0,473939.0,wsym
69,311540.0,2444931.0,310617.0,wsza
70,311540.0,2247155.0,180526.0,wsta
71,311540.0,260517.0,151409.0,wsas
72,311540.0,194134.0,131942.0,wsod
73,311540.0,194134.0,125465.0,wson
74,311540.0,2444931.0,81039.0,wszo
75,311540.0,260517.0,47206.0,wsad
76,311540.0,194134.0,45305.0,wsom
77,311540.0,127369.0,25255.0,wsyt
78,311540.0,260517.0,20582.0,wsar
79,265994.0,493756.0,1018504.0,szna
80,265994.0,160214.0,681363.0,szmy
81,265994.0,133785.0,429474.0,szdo
82,265994.0,493756.0,370045.0,szny
83,265994.0,493756.0,204494.0,szno
84,265994.0,191145.0,187406.0,szra
85,265994.0,231068.0,180214.0,szwa
86,265994.0,191145.0,173956.0,szry
87,265994.0,1649833.0,147245.0,szan
88,265994.0,406901.0,131942.0,szod
89,265994.0,406901.0,125465.0,szon
90,265994.0,1649833.0,73828.0,szat
91,265994.0,191145.0,73263.0,szro
92,265994.0,1649833.0,47206.0,szad
93,265994.0,160214.0,43091.0,szmo
94,265994.0,1776528.0,25255.0,szyt
95,265994.0,1649833.0,20582.0,szar
96,216769.0,153382.0,1018504.0,znna
97,216769.0,542898.0,473939.0,znym
98,216769.0,190027.0,276881.0,znty
99,216769.0,190027.0,180526.0,znta
100,216769.0,2157143.0,151409.0,znas
101,216769.0,531357.0,131942.0,znod
102,216769.0,2157143.0,73828.0,znat
103,216769.0,531357.0,45305.0,znom
104,216769.0,531357.0,28315.0,znor
105,216769.0,542898.0,25255.0,znyt
106,216769.0,2157143.0,20582.0,znar
107,215729.0,907462.0,902026.0,rasz
108,215729.0,907462.0,542864.0,rast
109,215729.0,772413.0,83014.0,rarz
110,215729.0,1182688.0,33673.0,rant
111,200649.0,1612629.0,782447.0,tram
112,200649.0,1971039.0,446089.0,trzy
113,200649.0,1971039.0,310617.0,trza
114,200649.0,135594.0,276881.0,trty
115,200649.0,147614.0,180214.0,trwa
116,200649.0,1612629.0,151409.0,tras
117,200649.0,1612629.0,147245.0,tran
118,200649.0,1357531.0,131942.0,trod
119,200649.0,1357531.0,125465.0,tron
120,200649.0,1971039.0,81039.0,trzo
121,200649.0,1612629.0,47206.0,trad
122,200649.0,1357531.0,45305.0,trom
123,200649.0,363392.0,25255.0,tryt
124,200649.0,1612629.0,20582.0,trar
125,191660.0,907462.0,542864.0,dast
126,191660.0,630857.0,35091.0,dadz
127,191660.0,1182688.0,33673.0,dant
128,189496.0,1108947.0,782447.0,twam
129,189496.0,187872.0,429474.0,twdo
130,189496.0,187872.0,292153.0,twdy
131,189496.0,127131.0,187406.0,twra
132,189496.0,127131.0,173956.0,twry
133,189496.0,1108947.0,151409.0,twas
134,189496.0,187872.0,144519.0,twda
135,189496.0,593291.0,125465.0,twon
136,189496.0,127131.0,73263.0,twro
137,189496.0,593291.0,45305.0,twom
138,189496.0,593291.0,28315.0,twor
139,189496.0,418037.0,23591.0,twsa
140,189496.0,1108947.0,20582.0,twar
141,187603.0,788969.0,542864.0,nost
142,187603.0,1075728.0,35091.0,nodz
143,180598.0,135594.0,1287487.0,zrto
144,180598.0,1612629.0,782447.0,zram
145,180598.0,363392.0,473939.0,zrym
146,180598.0,1971039.0,446089.0,zrzy
147,180598.0,1971039.0,310617.0,zrza
148,180598.0,135594.0,276881.0,zrty
149,180598.0,147614.0,180214.0,zrwa
150,180598.0,1612629.0,178059.0,zraz
151,180598.0,1612629.0,147245.0,zran
152,180598.0,1357531.0,131942.0,zrod
153,180598.0,1357531.0,125465.0,zron
154,180598.0,1971039.0,81039.0,zrzo
155,180598.0,1612629.0,47206.0,zrad
156,180598.0,1357531.0,28315.0,zror
157,180598.0,363392.0,25255.0,zryt
158,180598.0,1612629.0,20582.0,zrar
159,175881.0,788969.0,542864.0,zost
160,175881.0,1075728.0,35091.0,zodz
161,171736.0,153382.0,33673.0,onnt
162,170458.0,538802.0,542864.0,myst
163,158307.0,907462.0,902026.0,wasz
164,158307.0,907462.0,542864.0,wast
165,158307.0,630857.0,35091.0,wadz
166,152529.0,907462.0,902026.0,sasz
167,152529.0,772413.0,83014.0,sarz
168,152529.0,1182688.0,33673.0,sant
169,116394.0,1612629.0,782447.0,dram
170,116394.0,1971039.0,446089.0,drzy
171,116394.0,1971039.0,310617.0,drza
172,116394.0,135594.0,276881.0,drty
173,116394.0,147614.0,180214.0,drwa
174,116394.0,1612629.0,151409.0,dras
175,116394.0,177549.0,144519.0,drda
176,116394.0,147614.0,126280.0,drwy
177,116394.0,147614.0,81322.0,drwo
178,116394.0,1971039.0,81039.0,drzo
179,116394.0,1612629.0,47206.0,drad
180,116394.0,1357531.0,45305.0,drom
181,116394.0,363392.0,25255.0,dryt
182,116394.0,1612629.0,20582.0,drar
183,106531.0,788969.0,542864.0,sost
184,106531.0,1075728.0,35091.0,sodz
185,97948.0,246891.0,1018504.0,swna
186,97948.0,773198.0,473939.0,swym
187,97948.0,246891.0,370045.0,swny
188,97948.0,246891.0,204494.0,swno
189,97948.0,1108947.0,178059.0,swaz
190,97948.0,1108947.0,151409.0,swas
191,97948.0,187872.0,144519.0,swda
192,97948.0,593291.0,125465.0,swon
193,97948.0,127131.0,73263.0,swro
194,97948.0,593291.0,45305.0,swom
195,97948.0,593291.0,28315.0,swor
196,97948.0,418037.0,23591.0,swsa
197,97948.0,1108947.0,21686.0,swaw
198,97948.0,1108947.0,20582.0,swar
199,93079.0,648601.0,782447.0,zdam
200,93079.0,432967.0,473939.0,zdym
201,93079.0,325557.0,370045.0,zdny
202,93079.0,325557.0,204494.0,zdno
203,93079.0,183515.0,187406.0,zdra
204,93079.0,183515.0,173956.0,zdry
205,93079.0,648601.0,147245.0,zdan
206,93079.0,1238523.0,125465.0,zdon
207,93079.0,648601.0,73828.0,zdat
208,93079.0,648601.0,47206.0,zdad
209,93079.0,1238523.0,28315.0,zdor
210,93079.0,648601.0,21686.0,zdaw
211,92655.0,135594.0,1287487.0,wrto
212,92655.0,1612629.0,782447.0,wram
213,92655.0,1971039.0,446089.0,wrzy
214,92655.0,1971039.0,310617.0,wrza
215,92655.0,135594.0,276881.0,wrty
216,92655.0,147614.0,180214.0,wrwa
217,92655.0,1612629.0,151409.0,wras
218,92655.0,1612629.0,147245.0,wran
219,92655.0,1357531.0,131942.0,wrod
220,92655.0,1357531.0,125465.0,wron
221,92655.0,1971039.0,81039.0,wrzo
222,92655.0,1612629.0,47206.0,wrad
223,92655.0,1357531.0,28315.0,wror
224,92655.0,363392.0,25255.0,wryt
225,92655.0,1612629.0,20582.0,wrar
226,83629.0,788969.0,902026.0,wosz
227,83629.0,540021.0,83014.0,worz
228,83629.0,751042.0,33673.0,wont
229,80718.0,1649833.0,782447.0,rzam
230,80718.0,1776528.0,473939.0,rzym
231,80718.0,493756.0,370045.0,rzny
232,80718.0,493756.0,204494.0,rzno
233,80718.0,160214.0,187885.0,rzma
234,80718.0,231068.0,180214.0,rzwa
235,80718.0,191145.0,173956.0,rzry
236,80718.0,1649833.0,147245.0,rzan
237,80718.0,406901.0,131942.0,rzod
238,80718.0,231068.0,126280.0,rzwy
239,80718.0,406901.0,125465.0,rzon
240,80718.0,1649833.0,73828.0,rzat
241,80718.0,1649833.0,47206.0,rzad
242,80718.0,160214.0,43091.0,rzmo
243,80718.0,1776528.0,25255.0,rzyt
244,80718.0,1649833.0,20582.0,rzar
245,70892.0,1108947.0,782447.0,zwam
246,70892.0,187872.0,429474.0,zwdo
247,70892.0,187872.0,292153.0,zwdy
248,70892.0,127131.0,187406.0,zwra
249,70892.0,127131.0,173956.0,zwry
250,70892.0,1108947.0,147245.0,zwan
251,70892.0,593291.0,131942.0,zwod
252,70892.0,1108947.0,73828.0,zwat
253,70892.0,1108947.0,47206.0,zwad
254,70892.0,418037.0,31517.0,zwsy
255,70892.0,773198.0,25255.0,zwyt
256,70892.0,1108947.0,21686.0,zwaw
257,70892.0,1108947.0,20582.0,zwar
258,64956.0,990334.0,782447.0,zmam
259,64956.0,404468.0,370045.0,zmny
260,64956.0,990334.0,178059.0,zmaz
261,64956.0,990334.0,147245.0,zman
262,64956.0,909154.0,125465.0,zmon
263,64956.0,990334.0,73828.0,zmat
264,64956.0,909154.0,45305.0,zmom
265,64956.0,906752.0,25255.0,zmyt
266,64956.0,990334.0,21686.0,zmaw
267,57647.0,246891.0,1018504.0,dwna
268,57647.0,773198.0,473939.0,dwym
269,57647.0,246891.0,370045.0,dwny
270,57647.0,246891.0,204494.0,dwno
271,57647.0,1108947.0,178059.0,dwaz
272,57647.0,1108947.0,151409.0,dwas
273,57647.0,1108947.0,147245.0,dwan
274,57647.0,593291.0,131942.0,dwod
275,57647.0,1108947.0,73828.0,dwat
276,57647.0,1108947.0,47206.0,dwad
277,57647.0,593291.0,45305.0,dwom
278,57647.0,593291.0,28315.0,dwor
279,57647.0,418037.0,23591.0,dwsa
280,57647.0,1108947.0,20582.0,dwar
281,53246.0,538802.0,542864.0,syst
282,53246.0,246420.0,33673.0,synt
283,44420.0,155526.0,33673.0,otnt
284,38278.0,190027.0,1287487.0,dnto
285,38278.0,2157143.0,782447.0,dnam
286,38278.0,153382.0,370045.0,dnny
287,38278.0,153382.0,204494.0,dnno
288,38278.0,2157143.0,178059.0,dnaz
289,38278.0,2157143.0,151409.0,dnas
290,38278.0,531357.0,131942.0,dnod
291,38278.0,531357.0,125465.0,dnon
292,38278.0,2157143.0,47206.0,dnad
293,38278.0,531357.0,28315.0,dnor
294,38278.0,2157143.0,21686.0,dnaw
295,38278.0,2157143.0,20582.0,dnar
296,37690.0,1649833.0,782447.0,wzam
297,37690.0,1776528.0,473939.0,wzym
298,37690.0,493756.0,370045.0,wzny
299,37690.0,493756.0,204494.0,wzno
300,37690.0,191145.0,187406.0,wzra
301,37690.0,1649833.0,178059.0,wzaz
302,37690.0,1649833.0,151409.0,wzas
303,37690.0,133785.0,144519.0,wzda
304,37690.0,231068.0,126280.0,wzwy
305,37690.0,231068.0,81322.0,wzwo
306,37690.0,191145.0,73263.0,wzro
307,37690.0,406901.0,45305.0,wzom
308,37690.0,406901.0,28315.0,wzor
309,37690.0,1649833.0,21686.0,wzaw
310,27801.0,155526.0,1018504.0,wtna
311,27801.0,839129.0,473939.0,wtym
312,27801.0,155526.0,204494.0,wtno
313,27801.0,380064.0,180214.0,wtwa
314,27801.0,671337.0,173956.0,wtry
315,27801.0,1755543.0,151409.0,wtas
316,27801.0,1691792.0,131942.0,wtod
317,27801.0,1691792.0,125465.0,wton
318,27801.0,1755543.0,73828.0,wtat
319,27801.0,1755543.0,47206.0,wtad
320,27801.0,1691792.0,28315.0,wtor
321,27801.0,1755543.0,21686.0,wtaw
