,freq1,freq2,freq3,ngram
0,1206.0,5608.0,645.0,mmcm
1,1206.0,5608.0,284.0,mmcd
2,1206.0,5608.0,126.0,mmct
3,1206.0,1825.0,48.0,mmdc
4,1206.0,503.0,19.0,mmwc
5,1206.0,503.0,12.0,mmwk
6,1206.0,5608.0,11.0,mmcs
7,1206.0,5608.0,2.0,mmcn
8,1048.0,4746.0,761.0,ssrc
9,1048.0,271.0,48.0,ssdc
10,992.0,7721.0,608.0,crrn
11,992.0,7721.0,55.0,crrr
12,927.0,5608.0,645.0,wmcm
13,927.0,5608.0,284.0,wmcd
14,927.0,5608.0,126.0,wmct
15,927.0,1825.0,48.0,wmdc
16,927.0,503.0,19.0,wmwc
17,927.0,503.0,12.0,wmwk
18,927.0,5608.0,11.0,wmcs
19,927.0,5608.0,2.0,wmcn
20,836.0,1292.0,615.0,cwww
21,836.0,3178.0,327.0,cwmw
22,836.0,1292.0,313.0,cwws
23,836.0,3178.0,245.0,cwmn
24,836.0,1292.0,124.0,cwwr
25,836.0,1292.0,70.0,cwwd
26,836.0,3178.0,19.0,cwms
27,836.0,1292.0,3.0,cwwt
28,755.0,4389.0,52.0,rdtc
29,647.0,1292.0,19.0,wwwc
30,647.0,1292.0,12.0,wwwk
31,604.0,5608.0,645.0,dmcm
32,604.0,5608.0,284.0,dmcd
33,604.0,5608.0,126.0,dmct
34,604.0,1825.0,48.0,dmdc
35,604.0,503.0,19.0,dmwc
36,604.0,503.0,12.0,dmwk
37,604.0,5608.0,11.0,dmcs
38,604.0,5608.0,2.0,dmcn
39,578.0,4026.0,615.0,cnww
40,578.0,5148.0,608.0,cnrn
41,578.0,2251.0,342.0,cnzz
42,578.0,4.0,327.0,cnmw
43,578.0,4026.0,313.0,cnws
44,578.0,2251.0,269.0,cnzw
45,578.0,4.0,245.0,cnmn
46,578.0,4026.0,124.0,cnwr
47,578.0,4026.0,70.0,cnwd
48,578.0,5148.0,55.0,cnrr
49,578.0,4.0,19.0,cnms
50,578.0,4026.0,3.0,cnwt
51,571.0,4389.0,52.0,mdtc
52,548.0,4746.0,761.0,msrc
53,548.0,271.0,48.0,msdc
54,431.0,4746.0,761.0,dsrc
55,431.0,271.0,48.0,dsdc
56,352.0,5148.0,761.0,tnrc
57,352.0,4026.0,19.0,tnwc
58,352.0,4026.0,12.0,tnwk
59,296.0,4389.0,650.0,cdtm
60,296.0,4389.0,336.0,cdtd
61,296.0,4389.0,246.0,cdtt
62,296.0,4389.0,42.0,cdtz
63,296.0,4389.0,4.0,cdts
64,262.0,4746.0,761.0,tsrc
65,262.0,271.0,48.0,tsdc
66,219.0,1292.0,19.0,rwwc
67,219.0,1292.0,12.0,rwwk
68,176.0,2247.0,52.0,rttc
69,176.0,344.0,48.0,rtdc
70,100.0,7620.0,650.0,mctm
71,100.0,924.0,615.0,mcww
72,100.0,1289.0,608.0,mcrn
73,100.0,7620.0,336.0,mctd
74,100.0,1874.0,327.0,mcmw
75,100.0,924.0,313.0,mcws
76,100.0,7620.0,246.0,mctt
77,100.0,1874.0,245.0,mcmn
78,100.0,133.0,132.0,mcsm
79,100.0,924.0,124.0,mcwr
80,100.0,296.0,107.0,mcdm
81,100.0,924.0,70.0,mcwd
82,100.0,1289.0,55.0,mcrr
83,100.0,7620.0,42.0,mctz
84,100.0,1874.0,19.0,mcms
85,100.0,7620.0,4.0,mcts
86,100.0,924.0,3.0,mcwt
87,100.0,296.0,2.0,mcdn
88,50.0,2029.0,327.0,mkmw
89,50.0,2029.0,245.0,mkmn
90,50.0,20.0,107.0,mkdm
91,50.0,2029.0,19.0,mkms
92,50.0,20.0,2.0,mkdn
93,10.0,2247.0,650.0,cttm
94,10.0,581.0,342.0,ctzz
95,10.0,2247.0,336.0,cttd
96,10.0,3576.0,327.0,ctmw
97,10.0,581.0,269.0,ctzw
98,10.0,2247.0,246.0,cttt
99,10.0,3576.0,245.0,ctmn
100,10.0,2714.0,132.0,ctsm
101,10.0,344.0,107.0,ctdm
102,10.0,2247.0,42.0,cttz
103,10.0,3576.0,19.0,ctms
104,10.0,2247.0,4.0,ctts
105,10.0,344.0,2.0,ctdn
106,6.0,7620.0,650.0,dctm
107,6.0,924.0,615.0,dcww
108,6.0,1289.0,608.0,dcrn
109,6.0,7620.0,336.0,dctd
110,6.0,1874.0,327.0,dcmw
111,6.0,924.0,313.0,dcws
112,6.0,7620.0,246.0,dctt
113,6.0,1874.0,245.0,dcmn
114,6.0,133.0,132.0,dcsm
115,6.0,924.0,124.0,dcwr
116,6.0,296.0,107.0,dcdm
117,6.0,924.0,70.0,dcwd
118,6.0,1289.0,55.0,dcrr
119,6.0,7620.0,42.0,dctz
120,6.0,1874.0,19.0,dcms
121,6.0,7620.0,4.0,dcts
122,6.0,924.0,3.0,dcwt
123,6.0,296.0,2.0,dcdn
124,5.0,4746.0,761.0,rsrc
125,5.0,271.0,48.0,rsdc
126,5.0,2029.0,327.0,dkmw
127,5.0,2029.0,245.0,dkmn
128,5.0,20.0,107.0,dkdm
129,5.0,2029.0,19.0,dkms
130,5.0,20.0,2.0,dkdn
131,5.0,4389.0,52.0,ndtc
132,4.0,7721.0,761.0,rrrc
133,3.0,7620.0,650.0,nctm
134,3.0,924.0,615.0,ncww
135,3.0,1289.0,608.0,ncrn
136,3.0,7620.0,336.0,nctd
137,3.0,1874.0,327.0,ncmw
138,3.0,924.0,313.0,ncws
139,3.0,7620.0,246.0,nctt
140,3.0,1874.0,245.0,ncmn
141,3.0,133.0,132.0,ncsm
142,3.0,924.0,124.0,ncwr
143,3.0,296.0,107.0,ncdm
144,3.0,924.0,70.0,ncwd
145,3.0,1289.0,55.0,ncrr
146,3.0,7620.0,42.0,nctz
147,3.0,1874.0,19.0,ncms
148,3.0,7620.0,4.0,ncts
149,3.0,924.0,3.0,ncwt
150,3.0,296.0,2.0,ncdn
151,2.0,5608.0,645.0,tmcm
152,2.0,5608.0,284.0,tmcd
153,2.0,5608.0,126.0,tmct
154,2.0,1825.0,48.0,tmdc
155,2.0,503.0,19.0,tmwc
156,2.0,503.0,12.0,tmwk
157,2.0,5608.0,11.0,tmcs
158,2.0,5608.0,2.0,tmcn
