,freq1,freq2,freq3,ngram
0,1073.0,2896.0,123.0,lęźb
1,1064.0,133.0,661.0,ćphą
2,1064.0,3256.0,465.0,ćpąp
3,1064.0,85.0,448.0,ćpfą
4,1064.0,3256.0,111.0,ćpąź
5,961.0,1805.0,123.0,quźb
6,893.0,1805.0,123.0,żuźb
7,854.0,64.0,64.0,lóśb
8,854.0,1834.0,3.0,lópk
9,466.0,2896.0,123.0,hęźb
10,312.0,243.0,634.0,uhkg
11,312.0,243.0,593.0,uhkl
12,312.0,68.0,373.0,uhjk
13,312.0,56.0,220.0,uhżb
14,312.0,2988.0,64.0,uhśb
15,312.0,4632.0,54.0,uhlb
16,312.0,48.0,52.0,uhbł
17,312.0,243.0,38.0,uhkp
18,312.0,48.0,38.0,uhbp
19,312.0,243.0,33.0,uhkh
20,312.0,48.0,8.0,uhbć
21,312.0,48.0,6.0,uhbl
22,312.0,55.0,3.0,uhpk
23,175.0,84.0,448.0,żłfą
24,129.0,661.0,465.0,phąp
25,129.0,661.0,111.0,phąź
26,124.0,2325.0,661.0,łghą
27,122.0,1805.0,123.0,vuźb
28,61.0,661.0,465.0,ghąp
29,61.0,661.0,111.0,ghąź
30,35.0,133.0,661.0,pphą
31,35.0,3256.0,465.0,ppąp
32,35.0,85.0,448.0,ppfą
33,35.0,3256.0,111.0,ppąź
34,33.0,2325.0,661.0,lghą
35,31.0,15.0,661.0,xxhą
36,31.0,116.0,448.0,xxfą
37,25.0,2325.0,661.0,hghą
38,19.0,448.0,465.0,pfąp
39,19.0,1077.0,448.0,pffą
40,19.0,448.0,111.0,pfąź
41,19.0,999.0,26.0,pfęb
42,15.0,448.0,465.0,ffąp
43,15.0,1077.0,448.0,fffą
44,15.0,448.0,111.0,ffąź
45,15.0,999.0,26.0,ffęb
46,15.0,8.0,661.0,vvhą
47,15.0,27.0,465.0,vvąp
48,15.0,27.0,111.0,vvąź
49,15.0,15.0,27.0,vvvą
50,15.0,26.0,26.0,vvęb
51,8.0,661.0,465.0,vhąp
52,8.0,661.0,111.0,vhąź
53,7.0,661.0,465.0,lhąp
54,7.0,661.0,111.0,lhąź
55,6.0,133.0,661.0,fphą
56,6.0,3256.0,465.0,fpąp
57,6.0,85.0,448.0,fpfą
58,6.0,3256.0,111.0,fpąź
59,5.0,15.0,661.0,gxhą
60,5.0,116.0,448.0,gxfą
61,4.0,15.0,661.0,lxhą
62,4.0,116.0,448.0,lxfą
63,4.0,133.0,661.0,hphą
64,4.0,3256.0,465.0,hpąp
65,4.0,85.0,448.0,hpfą
66,4.0,3256.0,111.0,hpąź
67,3.0,44.0,661.0,hlhą
68,3.0,4191.0,448.0,hlfą
69,3.0,200.0,27.0,hlvą
