,freq1,freq2,freq3,ngram
0,24560.0,68271.0,7549.0,arnk
1,24560.0,61170.0,6713.0,arsk
2,24560.0,80439.0,5644.0,arks
3,24560.0,80439.0,1649.0,arkm
4,24560.0,61170.0,1415.0,arsc
5,21910.0,37562.0,7854.0,ryrk
6,21818.0,93176.0,13616.0,aknd
7,21818.0,93176.0,8652.0,akns
8,21818.0,90504.0,2551.0,akss
9,21818.0,93176.0,2104.0,aknr
10,21818.0,22290.0,1607.0,akwn
11,19619.0,46822.0,15999.0,dirt
12,19619.0,105083.0,13050.0,ditw
13,19619.0,46822.0,9948.0,dirw
14,19619.0,46822.0,4299.0,dird
15,19619.0,105083.0,3896.0,ditr
16,19619.0,56000.0,3626.0,dizm
17,19619.0,56000.0,3427.0,dizd
18,19619.0,46822.0,3240.0,dirm
19,19619.0,56000.0,2850.0,dizn
20,19619.0,46822.0,2813.0,dirs
21,19619.0,56000.0,934.0,dizt
22,17555.0,37562.0,7854.0,dyrk
23,17439.0,68271.0,7549.0,ornk
24,17439.0,61170.0,6713.0,orsk
25,17439.0,80439.0,5644.0,orks
26,17439.0,80439.0,1649.0,orkm
27,17439.0,61170.0,1415.0,orsc
28,16606.0,17333.0,7854.0,amrk
29,16606.0,9665.0,6713.0,amsk
30,16606.0,35628.0,5644.0,amks
31,16606.0,35628.0,1649.0,amkm
32,16606.0,9665.0,1415.0,amsc
33,15713.0,9665.0,5261.0,smse
34,15713.0,17333.0,1260.0,smri
35,15713.0,35628.0,1095.0,smky
36,14483.0,69336.0,13616.0,isnd
37,14483.0,69336.0,8652.0,isns
38,14483.0,27158.0,4136.0,ismm
39,14483.0,69336.0,2104.0,isnr
40,14483.0,98874.0,1607.0,iswn
41,13753.0,90504.0,1922.0,wkso
42,12054.0,37562.0,15999.0,cyrt
43,12054.0,37562.0,9948.0,cyrw
44,12054.0,97758.0,9149.0,cydr
45,12054.0,37562.0,4299.0,cyrd
46,12054.0,56267.0,3626.0,cyzm
47,12054.0,56267.0,3427.0,cyzd
48,12054.0,37562.0,3240.0,cyrm
49,12054.0,56267.0,2850.0,cyzn
50,12054.0,37562.0,2813.0,cyrs
51,12054.0,97758.0,1018.0,cyds
52,12054.0,56267.0,934.0,cyzt
53,10744.0,17333.0,15999.0,emrt
54,10744.0,13270.0,13050.0,emtw
55,10744.0,17333.0,9948.0,emrw
56,10744.0,17333.0,4299.0,emrd
57,10744.0,13270.0,3896.0,emtr
58,10744.0,17333.0,3240.0,emrm
59,10744.0,17333.0,2813.0,emrs
60,10744.0,9665.0,2551.0,emss
61,10608.0,64465.0,5644.0,owks
62,10608.0,64465.0,1649.0,owkm
63,9977.0,36089.0,6713.0,adsk
64,9977.0,36089.0,1415.0,adsc
65,6469.0,64854.0,18014.0,wnde
66,6469.0,64379.0,5261.0,wnse
67,6156.0,36409.0,18014.0,wdde
68,6156.0,46705.0,16392.0,wdir
69,6156.0,14305.0,10917.0,wdme
70,6156.0,46705.0,7478.0,wdis
71,6156.0,36089.0,5261.0,wdse
72,6156.0,46705.0,4018.0,wdiw
73,6156.0,46705.0,3402.0,wdit
74,6156.0,46705.0,1140.0,wdiz
75,5970.0,69336.0,7549.0,asnk
76,5502.0,64854.0,9149.0,endr
77,5502.0,64379.0,2551.0,enss
78,5502.0,64854.0,1018.0,ends
79,5354.0,64854.0,18014.0,snde
80,5354.0,64379.0,5261.0,snse
81,4769.0,17333.0,7854.0,omrk
82,4769.0,9665.0,6713.0,omsk
83,4769.0,35628.0,5644.0,omks
84,4769.0,35628.0,1649.0,omkm
85,4769.0,9665.0,1415.0,omsc
86,4582.0,22984.0,13616.0,acnd
87,4582.0,22984.0,8652.0,acns
88,4582.0,22984.0,2104.0,acnr
89,3791.0,81694.0,16392.0,mrir
90,3791.0,60265.0,10917.0,mrme
91,3791.0,81694.0,7478.0,mris
92,3791.0,61170.0,5261.0,mrse
93,3791.0,81694.0,4018.0,mriw
94,3791.0,81694.0,3402.0,mrit
95,3791.0,81694.0,1140.0,mriz
96,3791.0,80439.0,1095.0,mrky
97,3352.0,36874.0,13050.0,ewtw
98,3352.0,36874.0,3896.0,ewtr
99,3352.0,41061.0,3626.0,ewzm
100,3352.0,41061.0,3427.0,ewzd
101,3352.0,41061.0,2850.0,ewzn
102,3352.0,41061.0,934.0,ewzt
103,3134.0,64465.0,5644.0,awks
104,3134.0,64465.0,1649.0,awkm
105,3088.0,90504.0,1922.0,tkso
106,2597.0,37562.0,7854.0,zyrk
107,2554.0,81694.0,16392.0,srir
108,2554.0,60265.0,10917.0,srme
109,2554.0,81694.0,7478.0,sris
110,2554.0,61170.0,5261.0,srse
111,2554.0,81694.0,4018.0,sriw
112,2554.0,81694.0,3402.0,srit
113,2554.0,81694.0,1140.0,sriz
114,2554.0,80439.0,1095.0,srky
115,2402.0,64379.0,1922.0,knso
116,2287.0,68271.0,13616.0,irnd
117,2287.0,68271.0,8652.0,irns
118,2287.0,60265.0,4136.0,irmm
119,2287.0,61170.0,2551.0,irss
120,2287.0,68271.0,2104.0,irnr
121,2120.0,81694.0,16392.0,nrir
122,2120.0,60265.0,10917.0,nrme
123,2120.0,81694.0,7478.0,nris
124,2120.0,61170.0,5261.0,nrse
125,2120.0,81694.0,4018.0,nriw
126,2120.0,81694.0,3402.0,nrit
127,2120.0,81694.0,1140.0,nriz
128,2120.0,80439.0,1095.0,nrky
129,2034.0,69336.0,13616.0,esnd
130,2034.0,69336.0,8652.0,esns
131,2034.0,27158.0,4136.0,esmm
132,2034.0,69336.0,2104.0,esnr
133,2034.0,98874.0,1607.0,eswn
134,1851.0,9665.0,1922.0,cmso
135,1739.0,9665.0,1922.0,kmso
136,1726.0,68271.0,13616.0,ernd
137,1726.0,68271.0,8652.0,erns
138,1726.0,60265.0,4136.0,ermm
139,1726.0,61170.0,2551.0,erss
140,1726.0,68271.0,2104.0,ernr
141,1667.0,46822.0,15999.0,rirt
142,1667.0,105083.0,13050.0,ritw
143,1667.0,46822.0,9948.0,rirw
144,1667.0,46822.0,4299.0,rird
145,1667.0,105083.0,3896.0,ritr
146,1667.0,56000.0,3626.0,rizm
147,1667.0,56000.0,3427.0,rizd
148,1667.0,46822.0,3240.0,rirm
149,1667.0,56000.0,2850.0,rizn
150,1667.0,46822.0,2813.0,rirs
151,1667.0,56000.0,934.0,rizt
152,1589.0,27158.0,10917.0,zsme
153,1538.0,46822.0,15999.0,tirt
154,1538.0,105083.0,13050.0,titw
155,1538.0,46822.0,9948.0,tirw
156,1538.0,46822.0,4299.0,tird
157,1538.0,105083.0,3896.0,titr
158,1538.0,56000.0,3626.0,tizm
159,1538.0,56000.0,3427.0,tizd
160,1538.0,46822.0,3240.0,tirm
161,1538.0,56000.0,2850.0,tizn
162,1538.0,46822.0,2813.0,tirs
163,1538.0,56000.0,934.0,tizt
164,1492.0,61112.0,13050.0,iztw
165,1492.0,61112.0,3896.0,iztr
