,freq1,freq2,freq3,ngram
0,961.0,750.0,548.0,quhł
1,961.0,750.0,40.0,quhp
2,961.0,493.0,31.0,quxx
3,961.0,750.0,25.0,quhg
4,961.0,750.0,3.0,quhl
5,893.0,750.0,548.0,żuhł
6,893.0,750.0,40.0,żuhp
7,893.0,493.0,31.0,żuxx
8,893.0,750.0,25.0,żuhg
9,893.0,750.0,3.0,żuhl
10,854.0,64.0,523.0,lóśń
11,854.0,1834.0,48.0,lópp
12,854.0,1834.0,41.0,lópł
13,854.0,1834.0,27.0,lópń
14,854.0,64.0,9.0,lóśp
15,854.0,1834.0,8.0,lópl
16,312.0,4632.0,685.0,uhlf
17,312.0,2988.0,523.0,uhśń
18,312.0,25.0,452.0,uhgh
19,312.0,68.0,423.0,uhjf
20,312.0,68.0,303.0,uhjl
21,312.0,4632.0,158.0,uhlp
22,312.0,4632.0,98.0,uhlg
23,312.0,55.0,48.0,uhpp
24,312.0,55.0,41.0,uhpł
25,312.0,4632.0,29.0,uhlń
26,312.0,55.0,27.0,uhpń
27,312.0,4632.0,19.0,uhlż
28,312.0,68.0,17.0,uhjp
29,312.0,2988.0,9.0,uhśp
30,312.0,55.0,8.0,uhpl
31,312.0,4632.0,4.0,uhlx
32,311.0,3626.0,5.0,lżóź
33,147.0,3626.0,5.0,łżóź
34,122.0,750.0,548.0,vuhł
35,122.0,750.0,40.0,vuhp
36,122.0,493.0,31.0,vuxx
37,122.0,750.0,25.0,vuhg
38,122.0,750.0,3.0,vuhl
39,31.0,197.0,478.0,xxux
40,31.0,197.0,75.0,xxuf
41,31.0,197.0,27.0,xxuh
42,31.0,197.0,2.0,xxuź
43,19.0,999.0,623.0,pfęg
44,19.0,999.0,591.0,pfęż
45,19.0,999.0,517.0,pfęź
46,19.0,999.0,177.0,pfęś
47,19.0,530.0,5.0,pfóź
48,15.0,999.0,623.0,ffęg
49,15.0,999.0,591.0,ffęż
50,15.0,999.0,517.0,ffęź
51,15.0,999.0,177.0,ffęś
52,15.0,530.0,5.0,ffóź
53,15.0,26.0,623.0,vvęg
54,15.0,26.0,591.0,vvęż
55,15.0,26.0,517.0,vvęź
56,15.0,137.0,478.0,vvux
57,15.0,26.0,177.0,vvęś
58,15.0,15.0,122.0,vvvu
59,15.0,137.0,75.0,vvuf
60,15.0,137.0,27.0,vvuh
61,15.0,15.0,26.0,vvvę
62,15.0,137.0,2.0,vvuź
63,5.0,197.0,478.0,gxux
64,5.0,197.0,75.0,gxuf
65,5.0,197.0,27.0,gxuh
66,5.0,197.0,2.0,gxuź
67,4.0,197.0,478.0,lxux
68,4.0,197.0,75.0,lxuf
69,4.0,197.0,27.0,lxuh
70,4.0,197.0,2.0,lxuź
71,3.0,200.0,122.0,hlvu
72,3.0,200.0,26.0,hlvę
73,3.0,3177.0,5.0,hlóź
