,freq1,freq2,freq3,ngram
0,1064.0,85.0,578.0,ćpff
1,1064.0,133.0,548.0,ćphł
2,1064.0,6.0,523.0,ćpśń
3,1064.0,6.0,452.0,ćpgh
4,1064.0,85.0,50.0,ćpfl
5,1064.0,1572.0,48.0,ćppp
6,1064.0,1572.0,41.0,ćppł
7,1064.0,133.0,40.0,ćphp
8,1064.0,1572.0,27.0,ćppń
9,1064.0,133.0,25.0,ćphg
10,1064.0,6.0,9.0,ćpśp
11,1064.0,1572.0,8.0,ćppl
12,1064.0,85.0,6.0,ćpfp
13,1064.0,133.0,3.0,ćphl
14,311.0,208.0,250.0,lżłg
15,311.0,208.0,190.0,lżłp
16,311.0,208.0,56.0,lżłć
17,311.0,29.0,48.0,lżpp
18,311.0,29.0,41.0,lżpł
19,311.0,208.0,40.0,lżłż
20,311.0,29.0,27.0,lżpń
21,311.0,29.0,8.0,lżpl
22,311.0,208.0,6.0,lżłń
23,175.0,831.0,685.0,żłlf
24,175.0,84.0,578.0,żłff
25,175.0,66.0,523.0,żłśń
26,175.0,1629.0,452.0,żłgh
27,175.0,8.0,250.0,żłłg
28,175.0,8.0,190.0,żłłp
29,175.0,831.0,158.0,żłlp
30,175.0,831.0,98.0,żłlg
31,175.0,8.0,56.0,żłłć
32,175.0,84.0,50.0,żłfl
33,175.0,6083.0,48.0,żłpp
34,175.0,6083.0,41.0,żłpł
35,175.0,8.0,40.0,żłłż
36,175.0,831.0,29.0,żłlń
37,175.0,6083.0,27.0,żłpń
38,175.0,831.0,19.0,żłlż
39,175.0,66.0,9.0,żłśp
40,175.0,6083.0,8.0,żłpl
41,175.0,8.0,6.0,żłłń
42,175.0,84.0,6.0,żłfp
43,175.0,831.0,4.0,żłlx
44,147.0,208.0,250.0,łżłg
45,147.0,208.0,190.0,łżłp
46,147.0,208.0,56.0,łżłć
47,147.0,29.0,48.0,łżpp
48,147.0,29.0,41.0,łżpł
49,147.0,208.0,40.0,łżłż
50,147.0,29.0,27.0,łżpń
51,147.0,29.0,8.0,łżpl
52,147.0,208.0,6.0,łżłń
53,129.0,4632.0,685.0,phlf
54,129.0,2988.0,523.0,phśń
55,129.0,25.0,452.0,phgh
56,129.0,68.0,423.0,phjf
57,129.0,68.0,303.0,phjl
58,129.0,4632.0,158.0,phlp
59,129.0,4632.0,98.0,phlg
60,129.0,55.0,48.0,phpp
61,129.0,55.0,41.0,phpł
62,129.0,4632.0,29.0,phlń
63,129.0,55.0,27.0,phpń
64,129.0,4632.0,19.0,phlż
65,129.0,68.0,17.0,phjp
66,129.0,2988.0,9.0,phśp
67,129.0,55.0,8.0,phpl
68,129.0,4632.0,4.0,phlx
69,124.0,2325.0,548.0,łghł
70,124.0,234.0,452.0,łggh
71,124.0,21.0,48.0,łgpp
72,124.0,21.0,41.0,łgpł
73,124.0,2325.0,40.0,łghp
74,124.0,5.0,31.0,łgxx
75,124.0,21.0,27.0,łgpń
76,124.0,2325.0,25.0,łghg
77,124.0,21.0,8.0,łgpl
78,124.0,2325.0,3.0,łghl
79,61.0,4632.0,685.0,ghlf
80,61.0,2988.0,523.0,ghśń
81,61.0,25.0,452.0,ghgh
82,61.0,68.0,423.0,ghjf
83,61.0,68.0,303.0,ghjl
84,61.0,4632.0,158.0,ghlp
85,61.0,4632.0,98.0,ghlg
86,61.0,55.0,48.0,ghpp
87,61.0,55.0,41.0,ghpł
88,61.0,4632.0,29.0,ghlń
89,61.0,55.0,27.0,ghpń
90,61.0,4632.0,19.0,ghlż
91,61.0,68.0,17.0,ghjp
92,61.0,2988.0,9.0,ghśp
93,61.0,55.0,8.0,ghpl
94,61.0,4632.0,4.0,ghlx
95,35.0,85.0,578.0,ppff
96,35.0,133.0,548.0,pphł
97,35.0,6.0,523.0,ppśń
98,35.0,6.0,452.0,ppgh
99,35.0,85.0,50.0,ppfl
100,35.0,1572.0,48.0,pppp
101,35.0,1572.0,41.0,pppł
102,35.0,133.0,40.0,pphp
103,35.0,1572.0,27.0,pppń
104,35.0,133.0,25.0,pphg
105,35.0,6.0,9.0,ppśp
106,35.0,1572.0,8.0,pppl
107,35.0,85.0,6.0,ppfp
108,35.0,133.0,3.0,pphl
109,33.0,2325.0,548.0,lghł
110,33.0,234.0,452.0,lggh
111,33.0,21.0,48.0,lgpp
112,33.0,21.0,41.0,lgpł
113,33.0,2325.0,40.0,lghp
114,33.0,5.0,31.0,lgxx
115,33.0,21.0,27.0,lgpń
116,33.0,2325.0,25.0,lghg
117,33.0,21.0,8.0,lgpl
118,33.0,2325.0,3.0,lghl
119,31.0,22.0,685.0,xxlf
120,31.0,116.0,578.0,xxff
121,31.0,15.0,548.0,xxhł
122,31.0,22.0,158.0,xxlp
123,31.0,22.0,98.0,xxlg
124,31.0,116.0,50.0,xxfl
125,31.0,216.0,48.0,xxpp
126,31.0,216.0,41.0,xxpł
127,31.0,15.0,40.0,xxhp
128,31.0,62.0,31.0,xxxx
129,31.0,22.0,29.0,xxlń
130,31.0,216.0,27.0,xxpń
131,31.0,15.0,25.0,xxhg
132,31.0,22.0,19.0,xxlż
133,31.0,216.0,8.0,xxpl
134,31.0,116.0,6.0,xxfp
135,31.0,22.0,4.0,xxlx
136,31.0,15.0,3.0,xxhl
137,25.0,2325.0,548.0,hghł
138,25.0,234.0,452.0,hggh
139,25.0,21.0,48.0,hgpp
140,25.0,21.0,41.0,hgpł
141,25.0,2325.0,40.0,hghp
142,25.0,5.0,31.0,hgxx
143,25.0,21.0,27.0,hgpń
144,25.0,2325.0,25.0,hghg
145,25.0,21.0,8.0,hgpl
146,25.0,2325.0,3.0,hghl
147,19.0,8156.0,685.0,pflf
148,19.0,1077.0,578.0,pfff
149,19.0,58.0,452.0,pfgh
150,19.0,8156.0,158.0,pflp
151,19.0,8156.0,98.0,pflg
152,19.0,1077.0,50.0,pffl
153,19.0,6.0,48.0,pfpp
154,19.0,6.0,41.0,pfpł
155,19.0,8156.0,29.0,pflń
156,19.0,6.0,27.0,pfpń
157,19.0,8156.0,19.0,pflż
158,19.0,6.0,8.0,pfpl
159,19.0,1077.0,6.0,pffp
160,19.0,8156.0,4.0,pflx
161,15.0,8156.0,685.0,fflf
162,15.0,1077.0,578.0,ffff
163,15.0,58.0,452.0,ffgh
164,15.0,8156.0,158.0,fflp
165,15.0,8156.0,98.0,fflg
166,15.0,1077.0,50.0,fffl
167,15.0,6.0,48.0,ffpp
168,15.0,6.0,41.0,ffpł
169,15.0,8156.0,29.0,fflń
170,15.0,6.0,27.0,ffpń
171,15.0,8156.0,19.0,fflż
172,15.0,6.0,8.0,ffpl
173,15.0,1077.0,6.0,fffp
174,15.0,8156.0,4.0,fflx
175,15.0,2.0,685.0,vvlf
176,15.0,8.0,548.0,vvhł
177,15.0,2.0,158.0,vvlp
178,15.0,2.0,98.0,vvlg
179,15.0,8.0,40.0,vvhp
180,15.0,2.0,29.0,vvlń
181,15.0,8.0,25.0,vvhg
182,15.0,2.0,19.0,vvlż
183,15.0,2.0,4.0,vvlx
184,15.0,8.0,3.0,vvhl
185,8.0,4632.0,685.0,vhlf
186,8.0,2988.0,523.0,vhśń
187,8.0,25.0,452.0,vhgh
188,8.0,68.0,423.0,vhjf
189,8.0,68.0,303.0,vhjl
190,8.0,4632.0,158.0,vhlp
191,8.0,4632.0,98.0,vhlg
192,8.0,55.0,48.0,vhpp
193,8.0,55.0,41.0,vhpł
194,8.0,4632.0,29.0,vhlń
195,8.0,55.0,27.0,vhpń
196,8.0,4632.0,19.0,vhlż
197,8.0,68.0,17.0,vhjp
198,8.0,2988.0,9.0,vhśp
199,8.0,55.0,8.0,vhpl
200,8.0,4632.0,4.0,vhlx
201,7.0,4632.0,685.0,lhlf
202,7.0,2988.0,523.0,lhśń
203,7.0,25.0,452.0,lhgh
204,7.0,68.0,423.0,lhjf
205,7.0,68.0,303.0,lhjl
206,7.0,4632.0,158.0,lhlp
207,7.0,4632.0,98.0,lhlg
208,7.0,55.0,48.0,lhpp
209,7.0,55.0,41.0,lhpł
210,7.0,4632.0,29.0,lhlń
211,7.0,55.0,27.0,lhpń
212,7.0,4632.0,19.0,lhlż
213,7.0,68.0,17.0,lhjp
214,7.0,2988.0,9.0,lhśp
215,7.0,55.0,8.0,lhpl
216,7.0,4632.0,4.0,lhlx
217,6.0,85.0,578.0,fpff
218,6.0,133.0,548.0,fphł
219,6.0,6.0,523.0,fpśń
220,6.0,6.0,452.0,fpgh
221,6.0,85.0,50.0,fpfl
222,6.0,1572.0,48.0,fppp
223,6.0,1572.0,41.0,fppł
224,6.0,133.0,40.0,fphp
225,6.0,1572.0,27.0,fppń
226,6.0,133.0,25.0,fphg
227,6.0,6.0,9.0,fpśp
228,6.0,1572.0,8.0,fppl
229,6.0,85.0,6.0,fpfp
230,6.0,133.0,3.0,fphl
231,5.0,22.0,685.0,gxlf
232,5.0,116.0,578.0,gxff
233,5.0,15.0,548.0,gxhł
234,5.0,22.0,158.0,gxlp
235,5.0,22.0,98.0,gxlg
236,5.0,116.0,50.0,gxfl
237,5.0,216.0,48.0,gxpp
238,5.0,216.0,41.0,gxpł
239,5.0,15.0,40.0,gxhp
240,5.0,62.0,31.0,gxxx
241,5.0,22.0,29.0,gxlń
242,5.0,216.0,27.0,gxpń
243,5.0,15.0,25.0,gxhg
244,5.0,22.0,19.0,gxlż
245,5.0,216.0,8.0,gxpl
246,5.0,116.0,6.0,gxfp
247,5.0,22.0,4.0,gxlx
248,5.0,15.0,3.0,gxhl
249,4.0,22.0,685.0,lxlf
250,4.0,116.0,578.0,lxff
251,4.0,15.0,548.0,lxhł
252,4.0,22.0,158.0,lxlp
253,4.0,22.0,98.0,lxlg
254,4.0,116.0,50.0,lxfl
255,4.0,216.0,48.0,lxpp
256,4.0,216.0,41.0,lxpł
257,4.0,15.0,40.0,lxhp
258,4.0,62.0,31.0,lxxx
259,4.0,22.0,29.0,lxlń
260,4.0,216.0,27.0,lxpń
261,4.0,15.0,25.0,lxhg
262,4.0,22.0,19.0,lxlż
263,4.0,216.0,8.0,lxpl
264,4.0,116.0,6.0,lxfp
265,4.0,22.0,4.0,lxlx
266,4.0,15.0,3.0,lxhl
267,4.0,85.0,578.0,hpff
268,4.0,133.0,548.0,hphł
269,4.0,6.0,523.0,hpśń
270,4.0,6.0,452.0,hpgh
271,4.0,85.0,50.0,hpfl
272,4.0,1572.0,48.0,hppp
273,4.0,1572.0,41.0,hppł
274,4.0,133.0,40.0,hphp
275,4.0,1572.0,27.0,hppń
276,4.0,133.0,25.0,hphg
277,4.0,6.0,9.0,hpśp
278,4.0,1572.0,8.0,hppl
279,4.0,85.0,6.0,hpfp
280,4.0,133.0,3.0,hphl
281,3.0,4191.0,578.0,hlff
282,3.0,44.0,548.0,hlhł
283,3.0,997.0,523.0,hlśń
284,3.0,3058.0,452.0,hlgh
285,3.0,4191.0,50.0,hlfl
286,3.0,788.0,48.0,hlpp
287,3.0,788.0,41.0,hlpł
288,3.0,44.0,40.0,hlhp
289,3.0,4.0,31.0,hlxx
290,3.0,788.0,27.0,hlpń
291,3.0,44.0,25.0,hlhg
292,3.0,997.0,9.0,hlśp
293,3.0,788.0,8.0,hlpl
294,3.0,4191.0,6.0,hlfp
295,3.0,44.0,3.0,hlhl
